chr	pos	LG	cM
Ha412HOChr01	1	01	0.01
Ha412HOChr01	1000001	01	0.48
Ha412HOChr01	2000001	01	2.83
Ha412HOChr01	3000001	01	5.26
Ha412HOChr01	4000001	01	6.81
Ha412HOChr01	5000001	01	8.02
Ha412HOChr01	6000001	01	8.89
Ha412HOChr01	7000001	01	9.46
Ha412HOChr01	8000001	01	10.06
Ha412HOChr01	9000001	01	10.62
Ha412HOChr01	10000001	01	11.27
Ha412HOChr01	11000001	01	11.88
Ha412HOChr01	12000001	01	11.88
Ha412HOChr01	13000001	01	11.88
Ha412HOChr01	14000001	01	11.88
Ha412HOChr01	15000001	01	11.88
Ha412HOChr01	16000001	01	11.88
Ha412HOChr01	17000001	01	11.88
Ha412HOChr01	18000001	01	12.02
Ha412HOChr01	19000001	01	12.32
Ha412HOChr01	20000001	01	12.45
Ha412HOChr01	21000001	01	12.47
Ha412HOChr01	22000001	01	12.47
Ha412HOChr01	23000001	01	12.47
Ha412HOChr01	24000001	01	12.47
Ha412HOChr01	25000001	01	12.47
Ha412HOChr01	26000001	01	12.47
Ha412HOChr01	27000001	01	12.47
Ha412HOChr01	28000001	01	12.47
Ha412HOChr01	29000001	01	12.47
Ha412HOChr01	30000001	01	12.47
Ha412HOChr01	31000001	01	12.47
Ha412HOChr01	32000001	01	12.48
Ha412HOChr01	33000001	01	12.48
Ha412HOChr01	34000001	01	12.48
Ha412HOChr01	35000001	01	12.48
Ha412HOChr01	36000001	01	12.48
Ha412HOChr01	37000001	01	12.48
Ha412HOChr01	38000001	01	12.48
Ha412HOChr01	39000001	01	12.48
Ha412HOChr01	40000001	01	12.48
Ha412HOChr01	41000001	01	12.48
Ha412HOChr01	42000001	01	12.48
Ha412HOChr01	43000001	01	12.48
Ha412HOChr01	44000001	01	12.48
Ha412HOChr01	45000001	01	12.48
Ha412HOChr01	46000001	01	12.48
Ha412HOChr01	47000001	01	12.48
Ha412HOChr01	48000001	01	12.48
Ha412HOChr01	49000001	01	12.48
Ha412HOChr01	50000001	01	12.48
Ha412HOChr01	51000001	01	12.48
Ha412HOChr01	52000001	01	12.48
Ha412HOChr01	53000001	01	12.48
Ha412HOChr01	54000001	01	12.48
Ha412HOChr01	55000001	01	12.48
Ha412HOChr01	56000001	01	12.48
Ha412HOChr01	57000001	01	12.48
Ha412HOChr01	58000001	01	12.48
Ha412HOChr01	59000001	01	12.6
Ha412HOChr01	60000001	01	13.07
Ha412HOChr01	61000001	01	13.57
Ha412HOChr01	62000001	01	13.91
Ha412HOChr01	63000001	01	14.02
Ha412HOChr01	64000001	01	14.22
Ha412HOChr01	65000001	01	14.48
Ha412HOChr01	66000001	01	15.07
Ha412HOChr01	67000001	01	16.06
Ha412HOChr01	68000001	01	16.64
Ha412HOChr01	69000001	01	16.72
Ha412HOChr01	70000001	01	16.79
Ha412HOChr01	71000001	01	16.92
Ha412HOChr01	72000001	01	17.12
Ha412HOChr01	73000001	01	17.82
Ha412HOChr01	74000001	01	19.36
Ha412HOChr01	75000001	01	21.15
Ha412HOChr01	76000001	01	22.57
Ha412HOChr01	77000001	01	23.16
Ha412HOChr01	78000001	01	23.4
Ha412HOChr01	79000001	01	23.64
Ha412HOChr01	80000001	01	24.12
Ha412HOChr01	81000001	01	25.16
Ha412HOChr01	82000001	01	25.78
Ha412HOChr01	83000001	01	25.84
Ha412HOChr01	84000001	01	25.84
Ha412HOChr01	85000001	01	25.84
Ha412HOChr01	86000001	01	25.84
Ha412HOChr01	87000001	01	25.84
Ha412HOChr01	88000001	01	26.16
Ha412HOChr01	89000001	01	26.51
Ha412HOChr01	90000001	01	26.81
Ha412HOChr01	91000001	01	27.27
Ha412HOChr01	92000001	01	28.03
Ha412HOChr01	93000001	01	28.94
Ha412HOChr01	94000001	01	29.23
Ha412HOChr01	95000001	01	29.38
Ha412HOChr01	96000001	01	29.7
Ha412HOChr01	97000001	01	29.84
Ha412HOChr01	98000001	01	29.84
Ha412HOChr01	99000001	01	29.85
Ha412HOChr01	100000001	01	29.89
Ha412HOChr01	101000001	01	29.94
Ha412HOChr01	102000001	01	29.97
Ha412HOChr01	103000001	01	29.97
Ha412HOChr01	104000001	01	29.97
Ha412HOChr01	105000001	01	30.01
Ha412HOChr01	106000001	01	30.28
Ha412HOChr01	107000001	01	30.65
Ha412HOChr01	108000001	01	31
Ha412HOChr01	109000001	01	31.19
Ha412HOChr01	110000001	01	31.28
Ha412HOChr01	111000001	01	31.32
Ha412HOChr01	112000001	01	31.39
Ha412HOChr01	113000001	01	31.46
Ha412HOChr01	114000001	01	31.9
Ha412HOChr01	115000001	01	32.25
Ha412HOChr01	116000001	01	32.29
Ha412HOChr01	117000001	01	32.29
Ha412HOChr01	118000001	01	32.29
Ha412HOChr01	119000001	01	32.29
Ha412HOChr01	120000001	01	32.29
Ha412HOChr01	121000001	01	32.29
Ha412HOChr01	122000001	01	32.29
Ha412HOChr01	123000001	01	32.29
Ha412HOChr01	124000001	01	32.29
Ha412HOChr01	125000001	01	32.29
Ha412HOChr01	126000001	01	32.29
Ha412HOChr01	127000001	01	32.29
Ha412HOChr01	128000001	01	32.29
Ha412HOChr01	129000001	01	32.29
Ha412HOChr01	130000001	01	32.29
Ha412HOChr01	131000001	01	32.34
Ha412HOChr01	132000001	01	32.86
Ha412HOChr01	133000001	01	33.4
Ha412HOChr01	134000001	01	33.88
Ha412HOChr01	135000001	01	34.4
Ha412HOChr01	136000001	01	34.8
Ha412HOChr01	137000001	01	35.67
Ha412HOChr01	138000001	01	36.47
Ha412HOChr01	139000001	01	36.86
Ha412HOChr01	140000001	01	37.99
Ha412HOChr01	141000001	01	39.75
Ha412HOChr01	142000001	01	41.24
Ha412HOChr01	143000001	01	42.49
Ha412HOChr01	144000001	01	43.6
Ha412HOChr01	145000001	01	44.97
Ha412HOChr01	146000001	01	46.83
Ha412HOChr01	147000001	01	47.96
Ha412HOChr01	148000001	01	48.76
Ha412HOChr01	149000001	01	51.47
Ha412HOChr01	150000001	01	54.98
Ha412HOChr01	151000001	01	57.55
Ha412HOChr01	152000001	01	60.31
Ha412HOChr01	153000001	01	63.48
Ha412HOChr01	154000001	01	66.93
Ha412HOChr01	155000001	01	70.45
Ha412HOChr01	156000001	01	73.63
Ha412HOChr01	157000001	01	76.14
Ha412HOChr01	158000001	01	77.97
Ha412HOChr01	159000001	01	78.98
Ha412HOChr01	159217232	01	79.16
Ha412HOChr02	1	02	0.01
Ha412HOChr02	1000001	02	0.31
Ha412HOChr02	2000001	02	1.32
Ha412HOChr02	3000001	02	2.63
Ha412HOChr02	4000001	02	3.77
Ha412HOChr02	5000001	02	4.42
Ha412HOChr02	6000001	02	4.68
Ha412HOChr02	7000001	02	4.99
Ha412HOChr02	8000001	02	6.04
Ha412HOChr02	9000001	02	8.11
Ha412HOChr02	10000001	02	10.21
Ha412HOChr02	11000001	02	11.24
Ha412HOChr02	12000001	02	12.15
Ha412HOChr02	13000001	02	13.87
Ha412HOChr02	14000001	02	16.19
Ha412HOChr02	15000001	02	18.87
Ha412HOChr02	16000001	02	21.59
Ha412HOChr02	17000001	02	23.49
Ha412HOChr02	18000001	02	24.23
Ha412HOChr02	19000001	02	24.88
Ha412HOChr02	20000001	02	25.78
Ha412HOChr02	21000001	02	26.64
Ha412HOChr02	22000001	02	27.18
Ha412HOChr02	23000001	02	27.67
Ha412HOChr02	24000001	02	28.53
Ha412HOChr02	25000001	02	29.03
Ha412HOChr02	26000001	02	29.12
Ha412HOChr02	27000001	02	29.12
Ha412HOChr02	28000001	02	29.12
Ha412HOChr02	29000001	02	29.12
Ha412HOChr02	30000001	02	29.21
Ha412HOChr02	31000001	02	29.39
Ha412HOChr02	32000001	02	29.61
Ha412HOChr02	33000001	02	29.88
Ha412HOChr02	34000001	02	30.17
Ha412HOChr02	35000001	02	30.48
Ha412HOChr02	36000001	02	30.79
Ha412HOChr02	37000001	02	31.09
Ha412HOChr02	38000001	02	31.37
Ha412HOChr02	39000001	02	31.62
Ha412HOChr02	40000001	02	31.83
Ha412HOChr02	41000001	02	31.99
Ha412HOChr02	42000001	02	32.07
Ha412HOChr02	43000001	02	32.09
Ha412HOChr02	44000001	02	32.09
Ha412HOChr02	45000001	02	32.09
Ha412HOChr02	46000001	02	32.09
Ha412HOChr02	47000001	02	32.09
Ha412HOChr02	48000001	02	32.09
Ha412HOChr02	49000001	02	32.09
Ha412HOChr02	50000001	02	32.09
Ha412HOChr02	51000001	02	32.09
Ha412HOChr02	52000001	02	32.09
Ha412HOChr02	53000001	02	32.09
Ha412HOChr02	54000001	02	32.09
Ha412HOChr02	55000001	02	32.09
Ha412HOChr02	56000001	02	32.09
Ha412HOChr02	57000001	02	32.24
Ha412HOChr02	58000001	02	32.51
Ha412HOChr02	59000001	02	32.71
Ha412HOChr02	60000001	02	32.82
Ha412HOChr02	61000001	02	32.85
Ha412HOChr02	62000001	02	32.85
Ha412HOChr02	63000001	02	32.85
Ha412HOChr02	64000001	02	32.85
Ha412HOChr02	65000001	02	32.85
Ha412HOChr02	66000001	02	32.85
Ha412HOChr02	67000001	02	32.85
Ha412HOChr02	68000001	02	32.85
Ha412HOChr02	69000001	02	32.85
Ha412HOChr02	70000001	02	32.85
Ha412HOChr02	71000001	02	32.85
Ha412HOChr02	72000001	02	32.85
Ha412HOChr02	73000001	02	32.85
Ha412HOChr02	74000001	02	32.85
Ha412HOChr02	75000001	02	32.85
Ha412HOChr02	76000001	02	32.85
Ha412HOChr02	77000001	02	32.85
Ha412HOChr02	78000001	02	32.85
Ha412HOChr02	79000001	02	32.85
Ha412HOChr02	80000001	02	32.85
Ha412HOChr02	81000001	02	32.85
Ha412HOChr02	82000001	02	32.85
Ha412HOChr02	83000001	02	32.85
Ha412HOChr02	84000001	02	32.85
Ha412HOChr02	85000001	02	32.85
Ha412HOChr02	86000001	02	32.85
Ha412HOChr02	87000001	02	32.85
Ha412HOChr02	88000001	02	32.85
Ha412HOChr02	89000001	02	32.85
Ha412HOChr02	90000001	02	32.85
Ha412HOChr02	91000001	02	32.85
Ha412HOChr02	92000001	02	32.85
Ha412HOChr02	93000001	02	32.85
Ha412HOChr02	94000001	02	32.85
Ha412HOChr02	95000001	02	32.85
Ha412HOChr02	96000001	02	32.85
Ha412HOChr02	97000001	02	32.85
Ha412HOChr02	98000001	02	32.85
Ha412HOChr02	99000001	02	32.85
Ha412HOChr02	100000001	02	32.85
Ha412HOChr02	101000001	02	32.85
Ha412HOChr02	102000001	02	32.85
Ha412HOChr02	103000001	02	32.85
Ha412HOChr02	104000001	02	32.85
Ha412HOChr02	105000001	02	32.85
Ha412HOChr02	106000001	02	32.85
Ha412HOChr02	107000001	02	32.85
Ha412HOChr02	108000001	02	32.85
Ha412HOChr02	109000001	02	32.85
Ha412HOChr02	110000001	02	32.85
Ha412HOChr02	111000001	02	32.85
Ha412HOChr02	112000001	02	32.85
Ha412HOChr02	113000001	02	32.85
Ha412HOChr02	114000001	02	32.85
Ha412HOChr02	115000001	02	32.85
Ha412HOChr02	116000001	02	32.85
Ha412HOChr02	117000001	02	32.85
Ha412HOChr02	118000001	02	32.85
Ha412HOChr02	119000001	02	32.85
Ha412HOChr02	120000001	02	32.85
Ha412HOChr02	121000001	02	32.85
Ha412HOChr02	122000001	02	33.01
Ha412HOChr02	123000001	02	33.09
Ha412HOChr02	124000001	02	33.09
Ha412HOChr02	125000001	02	33.09
Ha412HOChr02	126000001	02	33.11
Ha412HOChr02	127000001	02	33.36
Ha412HOChr02	128000001	02	33.77
Ha412HOChr02	129000001	02	34.21
Ha412HOChr02	130000001	02	34.55
Ha412HOChr02	131000001	02	34.68
Ha412HOChr02	132000001	02	34.71
Ha412HOChr02	133000001	02	34.71
Ha412HOChr02	134000001	02	34.71
Ha412HOChr02	135000001	02	34.71
Ha412HOChr02	136000001	02	34.71
Ha412HOChr02	137000001	02	34.71
Ha412HOChr02	138000001	02	34.71
Ha412HOChr02	139000001	02	34.72
Ha412HOChr02	140000001	02	34.98
Ha412HOChr02	141000001	02	35.3
Ha412HOChr02	142000001	02	35.64
Ha412HOChr02	143000001	02	35.96
Ha412HOChr02	144000001	02	36.2
Ha412HOChr02	145000001	02	36.3
Ha412HOChr02	146000001	02	36.3
Ha412HOChr02	147000001	02	36.3
Ha412HOChr02	148000001	02	36.32
Ha412HOChr02	149000001	02	36.46
Ha412HOChr02	150000001	02	36.69
Ha412HOChr02	151000001	02	36.97
Ha412HOChr02	152000001	02	37.32
Ha412HOChr02	153000001	02	37.7
Ha412HOChr02	154000001	02	38.11
Ha412HOChr02	155000001	02	38.58
Ha412HOChr02	156000001	02	39.48
Ha412HOChr02	157000001	02	40.6
Ha412HOChr02	158000001	02	41.36
Ha412HOChr02	159000001	02	41.7
Ha412HOChr02	160000001	02	41.95
Ha412HOChr02	161000001	02	42.15
Ha412HOChr02	162000001	02	42.15
Ha412HOChr02	163000001	02	42.15
Ha412HOChr02	164000001	02	42.15
Ha412HOChr02	165000001	02	42.73
Ha412HOChr02	166000001	02	43.35
Ha412HOChr02	167000001	02	43.81
Ha412HOChr02	168000001	02	44.23
Ha412HOChr02	169000001	02	44.44
Ha412HOChr02	170000001	02	44.53
Ha412HOChr02	171000001	02	44.69
Ha412HOChr02	172000001	02	45.26
Ha412HOChr02	173000001	02	46.29
Ha412HOChr02	174000001	02	47.49
Ha412HOChr02	175000001	02	48.39
Ha412HOChr02	176000001	02	49.81
Ha412HOChr02	177000001	02	52.27
Ha412HOChr02	178000001	02	54.95
Ha412HOChr02	179000001	02	58.86
Ha412HOChr02	180000001	02	64.3
Ha412HOChr02	181000001	02	69.7
Ha412HOChr02	182000001	02	73.76
Ha412HOChr02	183000001	02	77.21
Ha412HOChr02	184000001	02	81.95
Ha412HOChr02	184765313	02	85.94
Ha412HOChr03	1	03	0.01
Ha412HOChr03	1000001	03	0.01
Ha412HOChr03	2000001	03	2.93
Ha412HOChr03	3000001	03	6.05
Ha412HOChr03	4000001	03	8.54
Ha412HOChr03	5000001	03	10.29
Ha412HOChr03	6000001	03	11.98
Ha412HOChr03	7000001	03	13.47
Ha412HOChr03	8000001	03	15.1
Ha412HOChr03	9000001	03	16.32
Ha412HOChr03	10000001	03	17.42
Ha412HOChr03	11000001	03	18.78
Ha412HOChr03	12000001	03	20.73
Ha412HOChr03	13000001	03	22.6
Ha412HOChr03	14000001	03	23.71
Ha412HOChr03	15000001	03	24.18
Ha412HOChr03	16000001	03	24.24
Ha412HOChr03	17000001	03	24.24
Ha412HOChr03	18000001	03	24.24
Ha412HOChr03	19000001	03	24.79
Ha412HOChr03	20000001	03	25.8
Ha412HOChr03	21000001	03	26.38
Ha412HOChr03	22000001	03	26.67
Ha412HOChr03	23000001	03	26.87
Ha412HOChr03	24000001	03	26.89
Ha412HOChr03	25000001	03	26.96
Ha412HOChr03	26000001	03	27.24
Ha412HOChr03	27000001	03	27.74
Ha412HOChr03	28000001	03	28.43
Ha412HOChr03	29000001	03	28.96
Ha412HOChr03	30000001	03	29.07
Ha412HOChr03	31000001	03	29.07
Ha412HOChr03	32000001	03	29.07
Ha412HOChr03	33000001	03	29.07
Ha412HOChr03	34000001	03	29.15
Ha412HOChr03	35000001	03	29.22
Ha412HOChr03	36000001	03	29.29
Ha412HOChr03	37000001	03	29.35
Ha412HOChr03	38000001	03	29.4
Ha412HOChr03	39000001	03	29.44
Ha412HOChr03	40000001	03	29.47
Ha412HOChr03	41000001	03	29.5
Ha412HOChr03	42000001	03	29.52
Ha412HOChr03	43000001	03	29.54
Ha412HOChr03	44000001	03	29.55
Ha412HOChr03	45000001	03	29.56
Ha412HOChr03	46000001	03	29.57
Ha412HOChr03	47000001	03	29.57
Ha412HOChr03	48000001	03	29.57
Ha412HOChr03	49000001	03	29.57
Ha412HOChr03	50000001	03	29.57
Ha412HOChr03	51000001	03	29.57
Ha412HOChr03	52000001	03	29.57
Ha412HOChr03	53000001	03	29.57
Ha412HOChr03	54000001	03	29.57
Ha412HOChr03	55000001	03	29.57
Ha412HOChr03	56000001	03	29.57
Ha412HOChr03	57000001	03	29.57
Ha412HOChr03	58000001	03	29.58
Ha412HOChr03	59000001	03	29.6
Ha412HOChr03	60000001	03	29.62
Ha412HOChr03	61000001	03	29.63
Ha412HOChr03	62000001	03	29.63
Ha412HOChr03	63000001	03	29.63
Ha412HOChr03	64000001	03	29.63
Ha412HOChr03	65000001	03	29.63
Ha412HOChr03	66000001	03	29.63
Ha412HOChr03	67000001	03	29.63
Ha412HOChr03	68000001	03	29.63
Ha412HOChr03	69000001	03	29.63
Ha412HOChr03	70000001	03	29.63
Ha412HOChr03	71000001	03	29.63
Ha412HOChr03	72000001	03	29.63
Ha412HOChr03	73000001	03	29.63
Ha412HOChr03	74000001	03	29.63
Ha412HOChr03	75000001	03	29.64
Ha412HOChr03	76000001	03	29.67
Ha412HOChr03	77000001	03	29.68
Ha412HOChr03	78000001	03	29.68
Ha412HOChr03	79000001	03	29.68
Ha412HOChr03	80000001	03	29.68
Ha412HOChr03	81000001	03	29.68
Ha412HOChr03	82000001	03	29.68
Ha412HOChr03	83000001	03	29.68
Ha412HOChr03	84000001	03	29.68
Ha412HOChr03	85000001	03	29.68
Ha412HOChr03	86000001	03	29.68
Ha412HOChr03	87000001	03	29.68
Ha412HOChr03	88000001	03	29.68
Ha412HOChr03	89000001	03	29.68
Ha412HOChr03	90000001	03	29.68
Ha412HOChr03	91000001	03	29.68
Ha412HOChr03	92000001	03	29.68
Ha412HOChr03	93000001	03	29.68
Ha412HOChr03	94000001	03	29.87
Ha412HOChr03	95000001	03	30.06
Ha412HOChr03	96000001	03	30.11
Ha412HOChr03	97000001	03	30.11
Ha412HOChr03	98000001	03	30.11
Ha412HOChr03	99000001	03	30.11
Ha412HOChr03	100000001	03	30.11
Ha412HOChr03	101000001	03	30.13
Ha412HOChr03	102000001	03	30.34
Ha412HOChr03	103000001	03	30.59
Ha412HOChr03	104000001	03	30.67
Ha412HOChr03	105000001	03	30.67
Ha412HOChr03	106000001	03	30.67
Ha412HOChr03	107000001	03	30.67
Ha412HOChr03	108000001	03	30.67
Ha412HOChr03	109000001	03	31.03
Ha412HOChr03	110000001	03	31.54
Ha412HOChr03	111000001	03	31.77
Ha412HOChr03	112000001	03	31.8
Ha412HOChr03	113000001	03	31.8
Ha412HOChr03	114000001	03	31.8
Ha412HOChr03	115000001	03	31.8
Ha412HOChr03	116000001	03	31.8
Ha412HOChr03	117000001	03	31.8
Ha412HOChr03	118000001	03	31.8
Ha412HOChr03	119000001	03	31.8
Ha412HOChr03	120000001	03	31.8
Ha412HOChr03	121000001	03	31.8
Ha412HOChr03	122000001	03	32.04
Ha412HOChr03	123000001	03	32.38
Ha412HOChr03	124000001	03	32.81
Ha412HOChr03	125000001	03	33.32
Ha412HOChr03	126000001	03	33.88
Ha412HOChr03	127000001	03	34.46
Ha412HOChr03	128000001	03	35.03
Ha412HOChr03	129000001	03	35.56
Ha412HOChr03	130000001	03	36.03
Ha412HOChr03	131000001	03	36.39
Ha412HOChr03	132000001	03	36.63
Ha412HOChr03	133000001	03	36.71
Ha412HOChr03	134000001	03	36.71
Ha412HOChr03	135000001	03	36.71
Ha412HOChr03	136000001	03	36.71
Ha412HOChr03	137000001	03	36.9
Ha412HOChr03	138000001	03	37.09
Ha412HOChr03	139000001	03	37.31
Ha412HOChr03	140000001	03	37.74
Ha412HOChr03	141000001	03	38.21
Ha412HOChr03	142000001	03	38.57
Ha412HOChr03	143000001	03	38.7
Ha412HOChr03	144000001	03	38.71
Ha412HOChr03	145000001	03	38.76
Ha412HOChr03	146000001	03	38.96
Ha412HOChr03	147000001	03	39.15
Ha412HOChr03	148000001	03	39.37
Ha412HOChr03	149000001	03	39.93
Ha412HOChr03	150000001	03	40.55
Ha412HOChr03	151000001	03	40.8
Ha412HOChr03	152000001	03	40.83
Ha412HOChr03	153000001	03	40.95
Ha412HOChr03	154000001	03	41.56
Ha412HOChr03	155000001	03	42.54
Ha412HOChr03	156000001	03	43.32
Ha412HOChr03	157000001	03	43.66
Ha412HOChr03	158000001	03	44.14
Ha412HOChr03	159000001	03	44.87
Ha412HOChr03	160000001	03	45.58
Ha412HOChr03	161000001	03	46.04
Ha412HOChr03	162000001	03	46.25
Ha412HOChr03	163000001	03	46.25
Ha412HOChr03	164000001	03	46.25
Ha412HOChr03	165000001	03	46.25
Ha412HOChr03	166000001	03	46.25
Ha412HOChr03	167000001	03	46.25
Ha412HOChr03	168000001	03	46.36
Ha412HOChr03	169000001	03	47.26
Ha412HOChr03	170000001	03	48.46
Ha412HOChr03	171000001	03	49.46
Ha412HOChr03	172000001	03	50.55
Ha412HOChr03	173000001	03	52.2
Ha412HOChr03	174000001	03	54.29
Ha412HOChr03	175000001	03	56.67
Ha412HOChr03	176000001	03	59.98
Ha412HOChr03	177000001	03	63.63
Ha412HOChr03	178000001	03	67.48
Ha412HOChr03	179000001	03	70.99
Ha412HOChr03	180000001	03	73.59
Ha412HOChr03	181000001	03	75.33
Ha412HOChr03	182000001	03	76.54
Ha412HOChr03	182121094	03	76.68
Ha412HOChr04	1	04	0.01
Ha412HOChr04	1000001	04	1.86
Ha412HOChr04	2000001	04	6.46
Ha412HOChr04	3000001	04	10.18
Ha412HOChr04	4000001	04	13.05
Ha412HOChr04	5000001	04	17.02
Ha412HOChr04	6000001	04	22.12
Ha412HOChr04	7000001	04	26.49
Ha412HOChr04	8000001	04	28.9
Ha412HOChr04	9000001	04	29.6
Ha412HOChr04	10000001	04	30
Ha412HOChr04	11000001	04	30.1
Ha412HOChr04	12000001	04	30.21
Ha412HOChr04	13000001	04	30.8
Ha412HOChr04	14000001	04	31.72
Ha412HOChr04	15000001	04	32.67
Ha412HOChr04	16000001	04	33.69
Ha412HOChr04	17000001	04	35.9
Ha412HOChr04	18000001	04	38.91
Ha412HOChr04	19000001	04	41.45
Ha412HOChr04	20000001	04	42.68
Ha412HOChr04	21000001	04	43.02
Ha412HOChr04	22000001	04	43.13
Ha412HOChr04	23000001	04	43.34
Ha412HOChr04	24000001	04	43.72
Ha412HOChr04	25000001	04	44.23
Ha412HOChr04	26000001	04	44.74
Ha412HOChr04	27000001	04	45.21
Ha412HOChr04	28000001	04	45.59
Ha412HOChr04	29000001	04	45.87
Ha412HOChr04	30000001	04	46.14
Ha412HOChr04	31000001	04	46.33
Ha412HOChr04	32000001	04	46.43
Ha412HOChr04	33000001	04	46.5
Ha412HOChr04	34000001	04	46.6
Ha412HOChr04	35000001	04	46.76
Ha412HOChr04	36000001	04	46.95
Ha412HOChr04	37000001	04	47.15
Ha412HOChr04	38000001	04	47.45
Ha412HOChr04	39000001	04	47.57
Ha412HOChr04	40000001	04	47.61
Ha412HOChr04	41000001	04	47.84
Ha412HOChr04	42000001	04	48.37
Ha412HOChr04	43000001	04	48.65
Ha412HOChr04	44000001	04	48.67
Ha412HOChr04	45000001	04	48.67
Ha412HOChr04	46000001	04	48.67
Ha412HOChr04	47000001	04	48.67
Ha412HOChr04	48000001	04	48.67
Ha412HOChr04	49000001	04	48.67
Ha412HOChr04	50000001	04	48.67
Ha412HOChr04	51000001	04	48.7
Ha412HOChr04	52000001	04	49.16
Ha412HOChr04	53000001	04	49.98
Ha412HOChr04	54000001	04	50.5
Ha412HOChr04	55000001	04	50.55
Ha412HOChr04	56000001	04	50.55
Ha412HOChr04	57000001	04	50.55
Ha412HOChr04	58000001	04	50.55
Ha412HOChr04	59000001	04	50.55
Ha412HOChr04	60000001	04	50.55
Ha412HOChr04	61000001	04	50.55
Ha412HOChr04	62000001	04	50.55
Ha412HOChr04	63000001	04	50.55
Ha412HOChr04	64000001	04	50.55
Ha412HOChr04	65000001	04	50.55
Ha412HOChr04	66000001	04	50.55
Ha412HOChr04	67000001	04	50.55
Ha412HOChr04	68000001	04	50.55
Ha412HOChr04	69000001	04	50.55
Ha412HOChr04	70000001	04	50.55
Ha412HOChr04	71000001	04	50.55
Ha412HOChr04	72000001	04	50.55
Ha412HOChr04	73000001	04	50.55
Ha412HOChr04	74000001	04	50.55
Ha412HOChr04	75000001	04	50.55
Ha412HOChr04	76000001	04	50.55
Ha412HOChr04	77000001	04	50.55
Ha412HOChr04	78000001	04	50.55
Ha412HOChr04	79000001	04	50.55
Ha412HOChr04	80000001	04	50.55
Ha412HOChr04	81000001	04	50.56
Ha412HOChr04	82000001	04	50.57
Ha412HOChr04	83000001	04	50.59
Ha412HOChr04	84000001	04	50.6
Ha412HOChr04	85000001	04	50.62
Ha412HOChr04	86000001	04	50.65
Ha412HOChr04	87000001	04	50.68
Ha412HOChr04	88000001	04	50.71
Ha412HOChr04	89000001	04	50.75
Ha412HOChr04	90000001	04	50.78
Ha412HOChr04	91000001	04	50.81
Ha412HOChr04	92000001	04	50.84
Ha412HOChr04	93000001	04	50.86
Ha412HOChr04	94000001	04	50.88
Ha412HOChr04	95000001	04	50.89
Ha412HOChr04	96000001	04	50.9
Ha412HOChr04	97000001	04	50.91
Ha412HOChr04	98000001	04	50.91
Ha412HOChr04	99000001	04	50.91
Ha412HOChr04	100000001	04	50.91
Ha412HOChr04	101000001	04	50.91
Ha412HOChr04	102000001	04	50.91
Ha412HOChr04	103000001	04	50.91
Ha412HOChr04	104000001	04	50.91
Ha412HOChr04	105000001	04	50.91
Ha412HOChr04	106000001	04	50.91
Ha412HOChr04	107000001	04	50.91
Ha412HOChr04	108000001	04	50.91
Ha412HOChr04	109000001	04	50.91
Ha412HOChr04	110000001	04	50.91
Ha412HOChr04	111000001	04	50.91
Ha412HOChr04	112000001	04	50.91
Ha412HOChr04	113000001	04	50.91
Ha412HOChr04	114000001	04	50.91
Ha412HOChr04	115000001	04	50.91
Ha412HOChr04	116000001	04	50.91
Ha412HOChr04	117000001	04	50.91
Ha412HOChr04	118000001	04	50.91
Ha412HOChr04	119000001	04	50.91
Ha412HOChr04	120000001	04	50.91
Ha412HOChr04	121000001	04	50.91
Ha412HOChr04	122000001	04	50.91
Ha412HOChr04	123000001	04	50.91
Ha412HOChr04	124000001	04	50.91
Ha412HOChr04	125000001	04	50.91
Ha412HOChr04	126000001	04	50.91
Ha412HOChr04	127000001	04	50.91
Ha412HOChr04	128000001	04	50.91
Ha412HOChr04	129000001	04	50.91
Ha412HOChr04	130000001	04	50.91
Ha412HOChr04	131000001	04	50.91
Ha412HOChr04	132000001	04	50.91
Ha412HOChr04	133000001	04	50.91
Ha412HOChr04	134000001	04	50.91
Ha412HOChr04	135000001	04	50.91
Ha412HOChr04	136000001	04	50.91
Ha412HOChr04	137000001	04	50.91
Ha412HOChr04	138000001	04	50.91
Ha412HOChr04	139000001	04	50.91
Ha412HOChr04	140000001	04	50.91
Ha412HOChr04	141000001	04	50.91
Ha412HOChr04	142000001	04	50.91
Ha412HOChr04	143000001	04	50.91
Ha412HOChr04	144000001	04	50.91
Ha412HOChr04	145000001	04	50.91
Ha412HOChr04	146000001	04	50.91
Ha412HOChr04	147000001	04	50.91
Ha412HOChr04	148000001	04	51.03
Ha412HOChr04	149000001	04	51.13
Ha412HOChr04	150000001	04	51.13
Ha412HOChr04	151000001	04	51.13
Ha412HOChr04	152000001	04	51.15
Ha412HOChr04	153000001	04	51.15
Ha412HOChr04	154000001	04	51.15
Ha412HOChr04	155000001	04	51.15
Ha412HOChr04	156000001	04	51.15
Ha412HOChr04	157000001	04	51.15
Ha412HOChr04	158000001	04	51.15
Ha412HOChr04	159000001	04	51.39
Ha412HOChr04	160000001	04	51.83
Ha412HOChr04	161000001	04	52.1
Ha412HOChr04	162000001	04	52.28
Ha412HOChr04	163000001	04	52.65
Ha412HOChr04	164000001	04	53
Ha412HOChr04	165000001	04	53.17
Ha412HOChr04	166000001	04	53.26
Ha412HOChr04	167000001	04	53.28
Ha412HOChr04	168000001	04	53.28
Ha412HOChr04	169000001	04	53.35
Ha412HOChr04	170000001	04	53.5
Ha412HOChr04	171000001	04	53.51
Ha412HOChr04	172000001	04	53.51
Ha412HOChr04	173000001	04	53.51
Ha412HOChr04	174000001	04	53.51
Ha412HOChr04	175000001	04	53.51
Ha412HOChr04	176000001	04	53.54
Ha412HOChr04	177000001	04	53.77
Ha412HOChr04	178000001	04	53.96
Ha412HOChr04	179000001	04	53.99
Ha412HOChr04	180000001	04	54
Ha412HOChr04	181000001	04	54.07
Ha412HOChr04	182000001	04	54.28
Ha412HOChr04	183000001	04	54.67
Ha412HOChr04	184000001	04	55.22
Ha412HOChr04	185000001	04	55.81
Ha412HOChr04	186000001	04	56.31
Ha412HOChr04	187000001	04	56.68
Ha412HOChr04	188000001	04	56.96
Ha412HOChr04	189000001	04	57.17
Ha412HOChr04	190000001	04	57.41
Ha412HOChr04	191000001	04	57.86
Ha412HOChr04	192000001	04	58.24
Ha412HOChr04	193000001	04	58.31
Ha412HOChr04	194000001	04	58.31
Ha412HOChr04	195000001	04	58.31
Ha412HOChr04	196000001	04	58.43
Ha412HOChr04	197000001	04	59.23
Ha412HOChr04	198000001	04	60.07
Ha412HOChr04	199000001	04	60.63
Ha412HOChr04	200000001	04	61.03
Ha412HOChr04	201000001	04	61.24
Ha412HOChr04	202000001	04	61.4
Ha412HOChr04	203000001	04	61.89
Ha412HOChr04	204000001	04	62.59
Ha412HOChr04	205000001	04	62.88
Ha412HOChr04	206000001	04	63.01
Ha412HOChr04	207000001	04	63.55
Ha412HOChr04	208000001	04	64.52
Ha412HOChr04	209000001	04	65.35
Ha412HOChr04	210000001	04	65.61
Ha412HOChr04	211000001	04	66.02
Ha412HOChr04	212000001	04	67.18
Ha412HOChr04	213000001	04	69.09
Ha412HOChr04	214000001	04	72.08
Ha412HOChr04	215000001	04	75.37
Ha412HOChr04	216000001	04	79.32
Ha412HOChr04	217000001	04	83.38
Ha412HOChr04	218000001	04	87.58
Ha412HOChr04	219000001	04	92.02
Ha412HOChr04	220000001	04	95.49
Ha412HOChr04	221000001	04	97.03
Ha412HOChr04	221926752	04	98.07
Ha412HOChr05	1	05	0.01
Ha412HOChr05	1000001	05	1.08
Ha412HOChr05	2000001	05	4.25
Ha412HOChr05	3000001	05	7.77
Ha412HOChr05	4000001	05	11.9
Ha412HOChr05	5000001	05	16.83
Ha412HOChr05	6000001	05	22.08
Ha412HOChr05	7000001	05	26.68
Ha412HOChr05	8000001	05	30.1
Ha412HOChr05	9000001	05	32.33
Ha412HOChr05	10000001	05	33.89
Ha412HOChr05	11000001	05	35.79
Ha412HOChr05	12000001	05	38.21
Ha412HOChr05	13000001	05	40.84
Ha412HOChr05	14000001	05	43.02
Ha412HOChr05	15000001	05	44.38
Ha412HOChr05	16000001	05	44.97
Ha412HOChr05	17000001	05	45.22
Ha412HOChr05	18000001	05	45.62
Ha412HOChr05	19000001	05	46.24
Ha412HOChr05	20000001	05	46.94
Ha412HOChr05	21000001	05	47.71
Ha412HOChr05	22000001	05	48.5
Ha412HOChr05	23000001	05	49.02
Ha412HOChr05	24000001	05	49.39
Ha412HOChr05	25000001	05	49.88
Ha412HOChr05	26000001	05	50.34
Ha412HOChr05	27000001	05	50.55
Ha412HOChr05	28000001	05	50.57
Ha412HOChr05	29000001	05	50.57
Ha412HOChr05	30000001	05	50.57
Ha412HOChr05	31000001	05	50.57
Ha412HOChr05	32000001	05	50.57
Ha412HOChr05	33000001	05	50.57
Ha412HOChr05	34000001	05	50.57
Ha412HOChr05	35000001	05	50.57
Ha412HOChr05	36000001	05	50.57
Ha412HOChr05	37000001	05	50.57
Ha412HOChr05	38000001	05	50.57
Ha412HOChr05	39000001	05	50.57
Ha412HOChr05	40000001	05	50.57
Ha412HOChr05	41000001	05	50.57
Ha412HOChr05	42000001	05	50.57
Ha412HOChr05	43000001	05	50.57
Ha412HOChr05	44000001	05	50.57
Ha412HOChr05	45000001	05	50.57
Ha412HOChr05	46000001	05	50.57
Ha412HOChr05	47000001	05	50.57
Ha412HOChr05	48000001	05	50.57
Ha412HOChr05	49000001	05	50.57
Ha412HOChr05	50000001	05	50.57
Ha412HOChr05	51000001	05	50.57
Ha412HOChr05	52000001	05	50.57
Ha412HOChr05	53000001	05	50.57
Ha412HOChr05	54000001	05	50.57
Ha412HOChr05	55000001	05	50.57
Ha412HOChr05	56000001	05	50.57
Ha412HOChr05	57000001	05	50.57
Ha412HOChr05	58000001	05	50.57
Ha412HOChr05	59000001	05	50.57
Ha412HOChr05	60000001	05	50.57
Ha412HOChr05	61000001	05	50.57
Ha412HOChr05	62000001	05	50.57
Ha412HOChr05	63000001	05	50.57
Ha412HOChr05	64000001	05	50.57
Ha412HOChr05	65000001	05	50.57
Ha412HOChr05	66000001	05	50.57
Ha412HOChr05	67000001	05	50.57
Ha412HOChr05	68000001	05	50.57
Ha412HOChr05	69000001	05	50.57
Ha412HOChr05	70000001	05	50.57
Ha412HOChr05	71000001	05	50.57
Ha412HOChr05	72000001	05	50.57
Ha412HOChr05	73000001	05	50.57
Ha412HOChr05	74000001	05	50.57
Ha412HOChr05	75000001	05	50.57
Ha412HOChr05	76000001	05	50.57
Ha412HOChr05	77000001	05	50.57
Ha412HOChr05	78000001	05	50.57
Ha412HOChr05	79000001	05	50.57
Ha412HOChr05	80000001	05	50.57
Ha412HOChr05	81000001	05	50.57
Ha412HOChr05	82000001	05	50.57
Ha412HOChr05	83000001	05	50.57
Ha412HOChr05	84000001	05	50.57
Ha412HOChr05	85000001	05	50.57
Ha412HOChr05	86000001	05	50.57
Ha412HOChr05	87000001	05	50.57
Ha412HOChr05	88000001	05	50.57
Ha412HOChr05	89000001	05	50.57
Ha412HOChr05	90000001	05	50.57
Ha412HOChr05	91000001	05	50.57
Ha412HOChr05	92000001	05	50.57
Ha412HOChr05	93000001	05	50.57
Ha412HOChr05	94000001	05	50.57
Ha412HOChr05	95000001	05	50.57
Ha412HOChr05	96000001	05	50.57
Ha412HOChr05	97000001	05	50.57
Ha412HOChr05	98000001	05	50.57
Ha412HOChr05	99000001	05	50.57
Ha412HOChr05	100000001	05	50.57
Ha412HOChr05	101000001	05	50.65
Ha412HOChr05	102000001	05	50.73
Ha412HOChr05	103000001	05	50.83
Ha412HOChr05	104000001	05	50.92
Ha412HOChr05	105000001	05	51
Ha412HOChr05	106000001	05	51.05
Ha412HOChr05	107000001	05	51.08
Ha412HOChr05	108000001	05	51.09
Ha412HOChr05	109000001	05	51.1
Ha412HOChr05	110000001	05	51.1
Ha412HOChr05	111000001	05	51.1
Ha412HOChr05	112000001	05	51.1
Ha412HOChr05	113000001	05	51.1
Ha412HOChr05	114000001	05	51.1
Ha412HOChr05	115000001	05	51.1
Ha412HOChr05	116000001	05	51.1
Ha412HOChr05	117000001	05	51.1
Ha412HOChr05	118000001	05	51.1
Ha412HOChr05	119000001	05	51.1
Ha412HOChr05	120000001	05	51.1
Ha412HOChr05	121000001	05	51.1
Ha412HOChr05	122000001	05	51.1
Ha412HOChr05	123000001	05	51.1
Ha412HOChr05	124000001	05	51.21
Ha412HOChr05	125000001	05	51.44
Ha412HOChr05	126000001	05	51.71
Ha412HOChr05	127000001	05	51.99
Ha412HOChr05	128000001	05	52.25
Ha412HOChr05	129000001	05	52.49
Ha412HOChr05	130000001	05	52.68
Ha412HOChr05	131000001	05	52.82
Ha412HOChr05	132000001	05	52.9
Ha412HOChr05	133000001	05	52.9
Ha412HOChr05	134000001	05	52.91
Ha412HOChr05	135000001	05	53
Ha412HOChr05	136000001	05	53.22
Ha412HOChr05	137000001	05	53.56
Ha412HOChr05	138000001	05	53.85
Ha412HOChr05	139000001	05	54.03
Ha412HOChr05	140000001	05	54.18
Ha412HOChr05	141000001	05	54.35
Ha412HOChr05	142000001	05	54.52
Ha412HOChr05	143000001	05	54.74
Ha412HOChr05	144000001	05	55.1
Ha412HOChr05	145000001	05	55.54
Ha412HOChr05	146000001	05	55.96
Ha412HOChr05	147000001	05	56.3
Ha412HOChr05	148000001	05	56.46
Ha412HOChr05	149000001	05	56.51
Ha412HOChr05	150000001	05	56.54
Ha412HOChr05	151000001	05	56.54
Ha412HOChr05	152000001	05	56.54
Ha412HOChr05	153000001	05	56.54
Ha412HOChr05	154000001	05	56.54
Ha412HOChr05	155000001	05	56.54
Ha412HOChr05	156000001	05	56.54
Ha412HOChr05	157000001	05	56.54
Ha412HOChr05	158000001	05	56.54
Ha412HOChr05	159000001	05	56.54
Ha412HOChr05	160000001	05	56.54
Ha412HOChr05	161000001	05	56.54
Ha412HOChr05	162000001	05	56.54
Ha412HOChr05	163000001	05	56.54
Ha412HOChr05	164000001	05	56.54
Ha412HOChr05	165000001	05	56.54
Ha412HOChr05	166000001	05	56.54
Ha412HOChr05	167000001	05	56.54
Ha412HOChr05	168000001	05	56.54
Ha412HOChr05	169000001	05	56.54
Ha412HOChr05	170000001	05	56.54
Ha412HOChr05	171000001	05	56.54
Ha412HOChr05	172000001	05	56.54
Ha412HOChr05	173000001	05	56.54
Ha412HOChr05	174000001	05	56.54
Ha412HOChr05	175000001	05	56.54
Ha412HOChr05	176000001	05	56.54
Ha412HOChr05	177000001	05	56.54
Ha412HOChr05	178000001	05	57.15
Ha412HOChr05	179000001	05	58.5
Ha412HOChr05	180000001	05	60.87
Ha412HOChr05	181000001	05	64.06
Ha412HOChr05	182000001	05	67.4
Ha412HOChr05	183000001	05	70.69
Ha412HOChr05	184000001	05	74.48
Ha412HOChr05	185000001	05	79.1
Ha412HOChr05	186000001	05	84.24
Ha412HOChr05	187000001	05	89.52
Ha412HOChr05	187413619	05	91.7
Ha412HOChr06	1	06	0.01
Ha412HOChr06	1000001	06	0.83
Ha412HOChr06	2000001	06	3.64
Ha412HOChr06	3000001	06	5.55
Ha412HOChr06	4000001	06	9.11
Ha412HOChr06	5000001	06	11.79
Ha412HOChr06	6000001	06	14.07
Ha412HOChr06	7000001	06	14.93
Ha412HOChr06	8000001	06	15.42
Ha412HOChr06	9000001	06	16.44
Ha412HOChr06	10000001	06	18.19
Ha412HOChr06	11000001	06	19.99
Ha412HOChr06	12000001	06	22.62
Ha412HOChr06	13000001	06	24.34
Ha412HOChr06	14000001	06	24.7
Ha412HOChr06	15000001	06	27.17
Ha412HOChr06	16000001	06	30.04
Ha412HOChr06	17000001	06	30.62
Ha412HOChr06	18000001	06	31.15
Ha412HOChr06	19000001	06	31.99
Ha412HOChr06	20000001	06	31.99
Ha412HOChr06	21000001	06	31.99
Ha412HOChr06	22000001	06	31.99
Ha412HOChr06	23000001	06	32.95
Ha412HOChr06	24000001	06	33.81
Ha412HOChr06	25000001	06	34.11
Ha412HOChr06	26000001	06	34.14
Ha412HOChr06	27000001	06	34.14
Ha412HOChr06	28000001	06	34.62
Ha412HOChr06	29000001	06	34.77
Ha412HOChr06	30000001	06	35.22
Ha412HOChr06	31000001	06	35.64
Ha412HOChr06	32000001	06	36.15
Ha412HOChr06	33000001	06	36.57
Ha412HOChr06	34000001	06	36.91
Ha412HOChr06	35000001	06	37.17
Ha412HOChr06	36000001	06	37.38
Ha412HOChr06	37000001	06	37.74
Ha412HOChr06	38000001	06	38.52
Ha412HOChr06	39000001	06	39.16
Ha412HOChr06	40000001	06	39.6
Ha412HOChr06	41000001	06	39.8
Ha412HOChr06	42000001	06	39.8
Ha412HOChr06	43000001	06	39.8
Ha412HOChr06	44000001	06	39.8
Ha412HOChr06	45000001	06	39.9
Ha412HOChr06	46000001	06	41.51
Ha412HOChr06	47000001	06	42.5
Ha412HOChr06	48000001	06	43.34
Ha412HOChr06	49000001	06	44.07
Ha412HOChr06	50000001	06	44.08
Ha412HOChr06	51000001	06	44.26
Ha412HOChr06	52000001	06	44.61
Ha412HOChr06	53000001	06	44.61
Ha412HOChr06	54000001	06	44.61
Ha412HOChr06	55000001	06	44.76
Ha412HOChr06	56000001	06	45.32
Ha412HOChr06	57000001	06	46.15
Ha412HOChr06	58000001	06	46.72
Ha412HOChr06	59000001	06	46.72
Ha412HOChr06	60000001	06	46.72
Ha412HOChr06	61000001	06	46.72
Ha412HOChr06	62000001	06	46.72
Ha412HOChr06	63000001	06	46.82
Ha412HOChr06	64000001	06	47.05
Ha412HOChr06	65000001	06	47.36
Ha412HOChr06	66000001	06	47.75
Ha412HOChr06	67000001	06	48.22
Ha412HOChr06	68000001	06	48.77
Ha412HOChr06	69000001	06	49.42
Ha412HOChr06	70000001	06	50.15
Ha412HOChr06	71000001	06	50.98
Ha412HOChr06	72000001	06	51.9
Ha412HOChr06	73000001	06	52.78
Ha412HOChr06	74000001	06	53.08
Ha412HOChr06	75000001	06	53.08
Ha412HOChr06	76000001	06	53.09
Ha412HOChr06	77000001	06	53.79
Ha412HOChr06	78000001	06	54.33
Ha412HOChr06	79000001	06	54.39
Ha412HOChr06	80000001	06	54.39
Ha412HOChr06	81000001	06	54.39
Ha412HOChr06	82000001	06	54.66
Ha412HOChr06	83000001	06	54.79
Ha412HOChr06	84000001	06	54.85
Ha412HOChr06	85000001	06	54.89
Ha412HOChr06	86000001	06	54.9
Ha412HOChr06	87000001	06	54.9
Ha412HOChr06	88000001	06	54.9
Ha412HOChr06	89000001	06	54.9
Ha412HOChr06	90000001	06	54.9
Ha412HOChr06	91000001	06	54.9
Ha412HOChr06	92000001	06	54.9
Ha412HOChr06	93000001	06	54.9
Ha412HOChr06	94000001	06	54.96
Ha412HOChr06	95000001	06	55.06
Ha412HOChr06	96000001	06	55.18
Ha412HOChr06	97000001	06	55.32
Ha412HOChr06	98000001	06	55.48
Ha412HOChr06	99000001	06	55.67
Ha412HOChr06	100000001	06	55.86
Ha412HOChr06	101000001	06	56.06
Ha412HOChr06	102000001	06	56.26
Ha412HOChr06	103000001	06	56.47
Ha412HOChr06	104000001	06	56.67
Ha412HOChr06	105000001	06	56.87
Ha412HOChr06	106000001	06	57.05
Ha412HOChr06	107000001	06	57.22
Ha412HOChr06	108000001	06	57.37
Ha412HOChr06	109000001	06	57.49
Ha412HOChr06	110000001	06	57.59
Ha412HOChr06	111000001	06	57.66
Ha412HOChr06	112000001	06	57.69
Ha412HOChr06	113000001	06	57.69
Ha412HOChr06	114000001	06	57.69
Ha412HOChr06	115000001	06	57.69
Ha412HOChr06	116000001	06	57.69
Ha412HOChr06	117000001	06	57.69
Ha412HOChr06	118000001	06	57.69
Ha412HOChr06	119000001	06	57.69
Ha412HOChr06	120000001	06	57.69
Ha412HOChr06	121000001	06	57.69
Ha412HOChr06	122000001	06	57.69
Ha412HOChr06	123000001	06	57.69
Ha412HOChr06	124000001	06	57.69
Ha412HOChr06	125000001	06	57.69
Ha412HOChr06	126000001	06	57.69
Ha412HOChr06	127000001	06	57.69
Ha412HOChr06	128000001	06	57.69
Ha412HOChr06	129000001	06	57.69
Ha412HOChr06	130000001	06	57.69
Ha412HOChr06	131000001	06	57.69
Ha412HOChr06	132000001	06	57.69
Ha412HOChr06	133000001	06	57.69
Ha412HOChr06	134000001	06	57.69
Ha412HOChr06	135000001	06	57.69
Ha412HOChr06	136000001	06	57.69
Ha412HOChr06	137000001	06	57.69
Ha412HOChr06	138000001	06	57.69
Ha412HOChr06	139000001	06	57.69
Ha412HOChr06	140000001	06	58.07
Ha412HOChr06	141000001	06	58.38
Ha412HOChr06	142000001	06	58.59
Ha412HOChr06	143000001	06	58.69
Ha412HOChr06	144000001	06	58.69
Ha412HOChr06	145000001	06	58.69
Ha412HOChr06	146000001	06	58.69
Ha412HOChr06	147000001	06	58.69
Ha412HOChr06	148000001	06	58.78
Ha412HOChr06	149000001	06	59.04
Ha412HOChr06	150000001	06	59.04
Ha412HOChr06	151000001	06	59.04
Ha412HOChr06	152000001	06	59.04
Ha412HOChr06	153000001	06	59.4
Ha412HOChr06	154000001	06	59.71
Ha412HOChr06	155000001	06	59.71
Ha412HOChr06	156000001	06	59.71
Ha412HOChr06	157000001	06	59.71
Ha412HOChr06	157516673	06	59.71
Ha412HOChr07	1	07	0.01
Ha412HOChr07	1000001	07	0.47
Ha412HOChr07	2000001	07	0.95
Ha412HOChr07	3000001	07	1.26
Ha412HOChr07	4000001	07	3.1
Ha412HOChr07	5000001	07	6.1
Ha412HOChr07	6000001	07	6.58
Ha412HOChr07	7000001	07	7.53
Ha412HOChr07	8000001	07	7.84
Ha412HOChr07	9000001	07	8.49
Ha412HOChr07	10000001	07	8.63
Ha412HOChr07	11000001	07	8.63
Ha412HOChr07	12000001	07	8.63
Ha412HOChr07	13000001	07	8.63
Ha412HOChr07	14000001	07	8.63
Ha412HOChr07	15000001	07	8.67
Ha412HOChr07	16000001	07	9.04
Ha412HOChr07	17000001	07	9.15
Ha412HOChr07	18000001	07	9.21
Ha412HOChr07	19000001	07	9.21
Ha412HOChr07	20000001	07	9.21
Ha412HOChr07	21000001	07	9.21
Ha412HOChr07	22000001	07	9.67
Ha412HOChr07	23000001	07	9.67
Ha412HOChr07	24000001	07	9.67
Ha412HOChr07	25000001	07	9.67
Ha412HOChr07	26000001	07	9.69
Ha412HOChr07	27000001	07	9.72
Ha412HOChr07	28000001	07	9.74
Ha412HOChr07	29000001	07	9.74
Ha412HOChr07	30000001	07	9.74
Ha412HOChr07	31000001	07	9.74
Ha412HOChr07	32000001	07	9.74
Ha412HOChr07	33000001	07	9.74
Ha412HOChr07	34000001	07	9.74
Ha412HOChr07	35000001	07	9.74
Ha412HOChr07	36000001	07	9.74
Ha412HOChr07	37000001	07	9.74
Ha412HOChr07	38000001	07	9.74
Ha412HOChr07	39000001	07	9.77
Ha412HOChr07	40000001	07	9.8
Ha412HOChr07	41000001	07	9.83
Ha412HOChr07	42000001	07	9.84
Ha412HOChr07	43000001	07	9.84
Ha412HOChr07	44000001	07	9.84
Ha412HOChr07	45000001	07	9.84
Ha412HOChr07	46000001	07	9.84
Ha412HOChr07	47000001	07	9.84
Ha412HOChr07	48000001	07	9.84
Ha412HOChr07	49000001	07	9.84
Ha412HOChr07	50000001	07	9.84
Ha412HOChr07	51000001	07	9.84
Ha412HOChr07	52000001	07	9.84
Ha412HOChr07	53000001	07	9.84
Ha412HOChr07	54000001	07	9.84
Ha412HOChr07	55000001	07	9.84
Ha412HOChr07	56000001	07	9.84
Ha412HOChr07	57000001	07	9.84
Ha412HOChr07	58000001	07	9.84
Ha412HOChr07	59000001	07	9.84
Ha412HOChr07	60000001	07	9.84
Ha412HOChr07	61000001	07	9.84
Ha412HOChr07	62000001	07	9.84
Ha412HOChr07	63000001	07	9.84
Ha412HOChr07	64000001	07	9.84
Ha412HOChr07	65000001	07	9.84
Ha412HOChr07	66000001	07	9.84
Ha412HOChr07	67000001	07	9.84
Ha412HOChr07	68000001	07	9.84
Ha412HOChr07	69000001	07	9.84
Ha412HOChr07	70000001	07	9.84
Ha412HOChr07	71000001	07	9.84
Ha412HOChr07	72000001	07	9.84
Ha412HOChr07	73000001	07	9.87
Ha412HOChr07	74000001	07	9.98
Ha412HOChr07	75000001	07	10.09
Ha412HOChr07	76000001	07	10.17
Ha412HOChr07	77000001	07	10.19
Ha412HOChr07	78000001	07	10.19
Ha412HOChr07	79000001	07	10.19
Ha412HOChr07	80000001	07	10.19
Ha412HOChr07	81000001	07	10.19
Ha412HOChr07	82000001	07	10.19
Ha412HOChr07	83000001	07	10.19
Ha412HOChr07	84000001	07	10.19
Ha412HOChr07	85000001	07	10.19
Ha412HOChr07	86000001	07	10.19
Ha412HOChr07	87000001	07	10.19
Ha412HOChr07	88000001	07	10.19
Ha412HOChr07	89000001	07	10.19
Ha412HOChr07	90000001	07	10.19
Ha412HOChr07	91000001	07	10.19
Ha412HOChr07	92000001	07	10.19
Ha412HOChr07	93000001	07	10.19
Ha412HOChr07	94000001	07	10.19
Ha412HOChr07	95000001	07	10.19
Ha412HOChr07	96000001	07	10.19
Ha412HOChr07	97000001	07	10.19
Ha412HOChr07	98000001	07	10.19
Ha412HOChr07	99000001	07	10.19
Ha412HOChr07	100000001	07	10.19
Ha412HOChr07	101000001	07	10.19
Ha412HOChr07	102000001	07	10.49
Ha412HOChr07	103000001	07	10.89
Ha412HOChr07	104000001	07	10.89
Ha412HOChr07	105000001	07	10.89
Ha412HOChr07	106000001	07	10.89
Ha412HOChr07	107000001	07	10.89
Ha412HOChr07	108000001	07	10.89
Ha412HOChr07	109000001	07	10.89
Ha412HOChr07	110000001	07	10.89
Ha412HOChr07	111000001	07	10.89
Ha412HOChr07	112000001	07	10.89
Ha412HOChr07	113000001	07	10.89
Ha412HOChr07	114000001	07	10.89
Ha412HOChr07	115000001	07	10.89
Ha412HOChr07	116000001	07	10.89
Ha412HOChr07	117000001	07	10.89
Ha412HOChr07	118000001	07	10.89
Ha412HOChr07	119000001	07	10.89
Ha412HOChr07	120000001	07	10.89
Ha412HOChr07	121000001	07	10.89
Ha412HOChr07	122000001	07	10.89
Ha412HOChr07	123000001	07	11.06
Ha412HOChr07	124000001	07	11.41
Ha412HOChr07	125000001	07	11.7
Ha412HOChr07	126000001	07	11.9
Ha412HOChr07	127000001	07	12.08
Ha412HOChr07	128000001	07	12.26
Ha412HOChr07	129000001	07	12.77
Ha412HOChr07	130000001	07	14.03
Ha412HOChr07	131000001	07	14.03
Ha412HOChr07	132000001	07	14.28
Ha412HOChr07	133000001	07	15.13
Ha412HOChr07	134000001	07	15.13
Ha412HOChr07	135000001	07	15.13
Ha412HOChr07	136000001	07	15.13
Ha412HOChr07	137000001	07	15.13
Ha412HOChr07	138000001	07	15.14
Ha412HOChr07	139000001	07	15.83
Ha412HOChr07	140000001	07	16.11
Ha412HOChr07	141000001	07	16.66
Ha412HOChr07	142000001	07	18.54
Ha412HOChr07	143000001	07	19.24
Ha412HOChr07	144000001	07	20.37
Ha412HOChr07	145000001	07	20.67
Ha412HOChr07	146000001	07	20.67
Ha412HOChr07	147000001	07	20.88
Ha412HOChr07	148000001	07	22.01
Ha412HOChr07	149000001	07	23.51
Ha412HOChr07	150000001	07	23.67
Ha412HOChr07	151000001	07	26.68
Ha412HOChr07	152000001	07	31.47
Ha412HOChr07	153000001	07	34.17
Ha412HOChr07	154000001	07	35.52
Ha412HOChr07	155000001	07	38.88
Ha412HOChr07	156000001	07	42.92
Ha412HOChr07	157000001	07	46.51
Ha412HOChr07	158000001	07	48.92
Ha412HOChr07	159000001	07	50.57
Ha412HOChr07	160000001	07	53.11
Ha412HOChr07	161000001	07	54.15
Ha412HOChr07	162000001	07	54.6
Ha412HOChr07	162054088	07	54.62
Ha412HOChr08	1	08	0.01
Ha412HOChr08	1000001	08	2.25
Ha412HOChr08	2000001	08	6.55
Ha412HOChr08	3000001	08	9.43
Ha412HOChr08	4000001	08	10.82
Ha412HOChr08	5000001	08	12.13
Ha412HOChr08	6000001	08	13.88
Ha412HOChr08	7000001	08	14.75
Ha412HOChr08	8000001	08	15.82
Ha412HOChr08	9000001	08	16.98
Ha412HOChr08	10000001	08	17.46
Ha412HOChr08	11000001	08	18.87
Ha412HOChr08	12000001	08	20.45
Ha412HOChr08	13000001	08	21.88
Ha412HOChr08	14000001	08	23.06
Ha412HOChr08	15000001	08	24.1
Ha412HOChr08	16000001	08	25.2
Ha412HOChr08	17000001	08	26.08
Ha412HOChr08	18000001	08	26.38
Ha412HOChr08	19000001	08	27.23
Ha412HOChr08	20000001	08	28.72
Ha412HOChr08	21000001	08	30.31
Ha412HOChr08	22000001	08	31.44
Ha412HOChr08	23000001	08	31.87
Ha412HOChr08	24000001	08	32.61
Ha412HOChr08	25000001	08	34.09
Ha412HOChr08	26000001	08	35.79
Ha412HOChr08	27000001	08	37.3
Ha412HOChr08	28000001	08	38.13
Ha412HOChr08	29000001	08	38.55
Ha412HOChr08	30000001	08	38.75
Ha412HOChr08	31000001	08	39.03
Ha412HOChr08	32000001	08	39.34
Ha412HOChr08	33000001	08	39.7
Ha412HOChr08	34000001	08	40.1
Ha412HOChr08	35000001	08	40.56
Ha412HOChr08	36000001	08	41.07
Ha412HOChr08	37000001	08	41.64
Ha412HOChr08	38000001	08	42.41
Ha412HOChr08	39000001	08	42.98
Ha412HOChr08	40000001	08	43.05
Ha412HOChr08	41000001	08	43.05
Ha412HOChr08	42000001	08	43.05
Ha412HOChr08	43000001	08	43.06
Ha412HOChr08	44000001	08	43.62
Ha412HOChr08	45000001	08	44.33
Ha412HOChr08	46000001	08	44.57
Ha412HOChr08	47000001	08	44.59
Ha412HOChr08	48000001	08	44.74
Ha412HOChr08	49000001	08	45.1
Ha412HOChr08	50000001	08	45.57
Ha412HOChr08	51000001	08	46.07
Ha412HOChr08	52000001	08	46.49
Ha412HOChr08	53000001	08	46.93
Ha412HOChr08	54000001	08	47.4
Ha412HOChr08	55000001	08	47.59
Ha412HOChr08	56000001	08	47.6
Ha412HOChr08	57000001	08	47.6
Ha412HOChr08	58000001	08	47.6
Ha412HOChr08	59000001	08	47.6
Ha412HOChr08	60000001	08	47.6
Ha412HOChr08	61000001	08	47.76
Ha412HOChr08	62000001	08	48.05
Ha412HOChr08	63000001	08	48.41
Ha412HOChr08	64000001	08	48.66
Ha412HOChr08	65000001	08	48.68
Ha412HOChr08	66000001	08	48.69
Ha412HOChr08	67000001	08	48.71
Ha412HOChr08	68000001	08	48.77
Ha412HOChr08	69000001	08	48.89
Ha412HOChr08	70000001	08	49.07
Ha412HOChr08	71000001	08	49.33
Ha412HOChr08	72000001	08	49.69
Ha412HOChr08	73000001	08	50.08
Ha412HOChr08	74000001	08	50.28
Ha412HOChr08	75000001	08	50.28
Ha412HOChr08	76000001	08	50.28
Ha412HOChr08	77000001	08	50.28
Ha412HOChr08	78000001	08	50.28
Ha412HOChr08	79000001	08	50.28
Ha412HOChr08	80000001	08	50.28
Ha412HOChr08	81000001	08	50.28
Ha412HOChr08	82000001	08	50.28
Ha412HOChr08	83000001	08	50.28
Ha412HOChr08	84000001	08	50.47
Ha412HOChr08	85000001	08	50.78
Ha412HOChr08	86000001	08	51.1
Ha412HOChr08	87000001	08	51.53
Ha412HOChr08	88000001	08	52.55
Ha412HOChr08	89000001	08	53.41
Ha412HOChr08	90000001	08	53.92
Ha412HOChr08	91000001	08	55.03
Ha412HOChr08	92000001	08	55.92
Ha412HOChr08	93000001	08	56.21
Ha412HOChr08	94000001	08	56.21
Ha412HOChr08	95000001	08	56.21
Ha412HOChr08	96000001	08	56.31
Ha412HOChr08	97000001	08	56.64
Ha412HOChr08	98000001	08	56.88
Ha412HOChr08	99000001	08	57.14
Ha412HOChr08	100000001	08	57.23
Ha412HOChr08	101000001	08	57.23
Ha412HOChr08	102000001	08	57.56
Ha412HOChr08	103000001	08	58.66
Ha412HOChr08	104000001	08	59.2
Ha412HOChr08	105000001	08	59.31
Ha412HOChr08	106000001	08	59.31
Ha412HOChr08	107000001	08	59.31
Ha412HOChr08	108000001	08	59.37
Ha412HOChr08	109000001	08	59.55
Ha412HOChr08	110000001	08	59.66
Ha412HOChr08	111000001	08	59.86
Ha412HOChr08	112000001	08	60.48
Ha412HOChr08	113000001	08	61.44
Ha412HOChr08	114000001	08	62.53
Ha412HOChr08	115000001	08	63.45
Ha412HOChr08	116000001	08	64.11
Ha412HOChr08	117000001	08	64.59
Ha412HOChr08	118000001	08	65.04
Ha412HOChr08	119000001	08	65.73
Ha412HOChr08	120000001	08	66.31
Ha412HOChr08	121000001	08	66.7
Ha412HOChr08	122000001	08	66.96
Ha412HOChr08	123000001	08	67.12
Ha412HOChr08	124000001	08	67.19
Ha412HOChr08	125000001	08	67.22
Ha412HOChr08	126000001	08	67.22
Ha412HOChr08	127000001	08	67.22
Ha412HOChr08	128000001	08	67.22
Ha412HOChr08	129000001	08	67.22
Ha412HOChr08	130000001	08	67.22
Ha412HOChr08	131000001	08	67.22
Ha412HOChr08	132000001	08	67.22
Ha412HOChr08	133000001	08	67.22
Ha412HOChr08	134000001	08	67.22
Ha412HOChr08	135000001	08	67.22
Ha412HOChr08	136000001	08	67.22
Ha412HOChr08	137000001	08	67.22
Ha412HOChr08	138000001	08	67.22
Ha412HOChr08	139000001	08	67.23
Ha412HOChr08	140000001	08	67.25
Ha412HOChr08	141000001	08	67.25
Ha412HOChr08	142000001	08	67.29
Ha412HOChr08	143000001	08	67.29
Ha412HOChr08	144000001	08	67.29
Ha412HOChr08	145000001	08	67.29
Ha412HOChr08	146000001	08	67.29
Ha412HOChr08	147000001	08	67.29
Ha412HOChr08	148000001	08	67.29
Ha412HOChr08	149000001	08	67.29
Ha412HOChr08	150000001	08	67.29
Ha412HOChr08	151000001	08	67.29
Ha412HOChr08	152000001	08	67.29
Ha412HOChr08	153000001	08	67.29
Ha412HOChr08	154000001	08	67.29
Ha412HOChr08	155000001	08	67.29
Ha412HOChr08	156000001	08	67.29
Ha412HOChr08	157000001	08	67.29
Ha412HOChr08	158000001	08	67.29
Ha412HOChr08	159000001	08	67.29
Ha412HOChr08	160000001	08	67.29
Ha412HOChr08	161000001	08	67.29
Ha412HOChr08	162000001	08	67.29
Ha412HOChr08	163000001	08	67.29
Ha412HOChr08	164000001	08	67.29
Ha412HOChr08	165000001	08	67.29
Ha412HOChr08	166000001	08	67.29
Ha412HOChr08	167000001	08	67.29
Ha412HOChr08	168000001	08	67.38
Ha412HOChr08	169000001	08	67.48
Ha412HOChr08	170000001	08	67.58
Ha412HOChr08	171000001	08	67.68
Ha412HOChr08	172000001	08	67.77
Ha412HOChr08	173000001	08	67.85
Ha412HOChr08	174000001	08	67.93
Ha412HOChr08	175000001	08	68.01
Ha412HOChr08	176000001	08	68.2
Ha412HOChr08	177000001	08	68.33
Ha412HOChr08	177936428	08	68.38
Ha412HOChr09	1	09	0.01
Ha412HOChr09	1000001	09	0.01
Ha412HOChr09	2000001	09	0.8
Ha412HOChr09	3000001	09	2.21
Ha412HOChr09	4000001	09	3.92
Ha412HOChr09	5000001	09	5.68
Ha412HOChr09	6000001	09	7.33
Ha412HOChr09	7000001	09	8.92
Ha412HOChr09	8000001	09	10.42
Ha412HOChr09	9000001	09	11.74
Ha412HOChr09	10000001	09	12.85
Ha412HOChr09	11000001	09	13.87
Ha412HOChr09	12000001	09	15.05
Ha412HOChr09	13000001	09	16.28
Ha412HOChr09	14000001	09	17.43
Ha412HOChr09	15000001	09	18.41
Ha412HOChr09	16000001	09	19.37
Ha412HOChr09	17000001	09	20.17
Ha412HOChr09	18000001	09	20.85
Ha412HOChr09	19000001	09	21.36
Ha412HOChr09	20000001	09	21.54
Ha412HOChr09	21000001	09	21.55
Ha412HOChr09	22000001	09	21.55
Ha412HOChr09	23000001	09	21.55
Ha412HOChr09	24000001	09	21.55
Ha412HOChr09	25000001	09	21.55
Ha412HOChr09	26000001	09	21.55
Ha412HOChr09	27000001	09	21.55
Ha412HOChr09	28000001	09	21.55
Ha412HOChr09	29000001	09	21.55
Ha412HOChr09	30000001	09	21.67
Ha412HOChr09	31000001	09	21.89
Ha412HOChr09	32000001	09	22.15
Ha412HOChr09	33000001	09	22.41
Ha412HOChr09	34000001	09	22.64
Ha412HOChr09	35000001	09	22.8
Ha412HOChr09	36000001	09	22.86
Ha412HOChr09	37000001	09	22.86
Ha412HOChr09	38000001	09	22.86
Ha412HOChr09	39000001	09	22.9
Ha412HOChr09	40000001	09	22.99
Ha412HOChr09	41000001	09	23.14
Ha412HOChr09	42000001	09	23.31
Ha412HOChr09	43000001	09	23.4
Ha412HOChr09	44000001	09	23.43
Ha412HOChr09	45000001	09	23.43
Ha412HOChr09	46000001	09	23.43
Ha412HOChr09	47000001	09	23.43
Ha412HOChr09	48000001	09	23.43
Ha412HOChr09	49000001	09	23.53
Ha412HOChr09	50000001	09	23.84
Ha412HOChr09	51000001	09	24.1
Ha412HOChr09	52000001	09	24.23
Ha412HOChr09	53000001	09	24.32
Ha412HOChr09	54000001	09	24.44
Ha412HOChr09	55000001	09	24.59
Ha412HOChr09	56000001	09	24.7
Ha412HOChr09	57000001	09	24.74
Ha412HOChr09	58000001	09	24.74
Ha412HOChr09	59000001	09	24.74
Ha412HOChr09	60000001	09	24.74
Ha412HOChr09	61000001	09	24.74
Ha412HOChr09	62000001	09	24.74
Ha412HOChr09	63000001	09	24.74
Ha412HOChr09	64000001	09	24.74
Ha412HOChr09	65000001	09	24.74
Ha412HOChr09	66000001	09	24.74
Ha412HOChr09	67000001	09	24.74
Ha412HOChr09	68000001	09	24.74
Ha412HOChr09	69000001	09	24.74
Ha412HOChr09	70000001	09	24.74
Ha412HOChr09	71000001	09	24.74
Ha412HOChr09	72000001	09	24.74
Ha412HOChr09	73000001	09	24.74
Ha412HOChr09	74000001	09	24.74
Ha412HOChr09	75000001	09	24.74
Ha412HOChr09	76000001	09	24.75
Ha412HOChr09	77000001	09	24.77
Ha412HOChr09	78000001	09	24.78
Ha412HOChr09	79000001	09	24.78
Ha412HOChr09	80000001	09	24.78
Ha412HOChr09	81000001	09	24.78
Ha412HOChr09	82000001	09	24.78
Ha412HOChr09	83000001	09	24.78
Ha412HOChr09	84000001	09	24.78
Ha412HOChr09	85000001	09	24.78
Ha412HOChr09	86000001	09	24.78
Ha412HOChr09	87000001	09	24.78
Ha412HOChr09	88000001	09	24.78
Ha412HOChr09	89000001	09	24.78
Ha412HOChr09	90000001	09	24.78
Ha412HOChr09	91000001	09	24.78
Ha412HOChr09	92000001	09	24.78
Ha412HOChr09	93000001	09	24.78
Ha412HOChr09	94000001	09	24.78
Ha412HOChr09	95000001	09	24.78
Ha412HOChr09	96000001	09	24.78
Ha412HOChr09	97000001	09	24.78
Ha412HOChr09	98000001	09	24.78
Ha412HOChr09	99000001	09	24.78
Ha412HOChr09	100000001	09	24.78
Ha412HOChr09	101000001	09	24.78
Ha412HOChr09	102000001	09	24.78
Ha412HOChr09	103000001	09	24.78
Ha412HOChr09	104000001	09	24.78
Ha412HOChr09	105000001	09	24.78
Ha412HOChr09	106000001	09	24.79
Ha412HOChr09	107000001	09	24.88
Ha412HOChr09	108000001	09	24.98
Ha412HOChr09	109000001	09	25.09
Ha412HOChr09	110000001	09	25.2
Ha412HOChr09	111000001	09	25.3
Ha412HOChr09	112000001	09	25.5
Ha412HOChr09	113000001	09	25.77
Ha412HOChr09	114000001	09	26.09
Ha412HOChr09	115000001	09	26.43
Ha412HOChr09	116000001	09	26.66
Ha412HOChr09	117000001	09	26.8
Ha412HOChr09	118000001	09	26.87
Ha412HOChr09	119000001	09	27.02
Ha412HOChr09	120000001	09	27.41
Ha412HOChr09	121000001	09	28.18
Ha412HOChr09	122000001	09	29.2
Ha412HOChr09	123000001	09	30.04
Ha412HOChr09	124000001	09	30.81
Ha412HOChr09	125000001	09	31.78
Ha412HOChr09	126000001	09	32.76
Ha412HOChr09	127000001	09	33.73
Ha412HOChr09	128000001	09	34.65
Ha412HOChr09	129000001	09	35.45
Ha412HOChr09	130000001	09	36.11
Ha412HOChr09	131000001	09	36.71
Ha412HOChr09	132000001	09	37.34
Ha412HOChr09	133000001	09	38.24
Ha412HOChr09	134000001	09	39.23
Ha412HOChr09	135000001	09	40.01
Ha412HOChr09	136000001	09	40.74
Ha412HOChr09	137000001	09	41.62
Ha412HOChr09	138000001	09	42.38
Ha412HOChr09	139000001	09	42.78
Ha412HOChr09	140000001	09	42.9
Ha412HOChr09	141000001	09	43.02
Ha412HOChr09	142000001	09	43.42
Ha412HOChr09	143000001	09	44.26
Ha412HOChr09	144000001	09	45.36
Ha412HOChr09	145000001	09	46.49
Ha412HOChr09	146000001	09	47.53
Ha412HOChr09	147000001	09	48.35
Ha412HOChr09	148000001	09	48.85
Ha412HOChr09	149000001	09	49.06
Ha412HOChr09	150000001	09	49.24
Ha412HOChr09	151000001	09	49.43
Ha412HOChr09	152000001	09	49.66
Ha412HOChr09	153000001	09	49.94
Ha412HOChr09	154000001	09	50.26
Ha412HOChr09	155000001	09	50.6
Ha412HOChr09	156000001	09	50.97
Ha412HOChr09	157000001	09	51.35
Ha412HOChr09	158000001	09	51.73
Ha412HOChr09	159000001	09	52.1
Ha412HOChr09	160000001	09	52.45
Ha412HOChr09	161000001	09	52.78
Ha412HOChr09	162000001	09	53.07
Ha412HOChr09	163000001	09	53.32
Ha412HOChr09	164000001	09	53.52
Ha412HOChr09	165000001	09	53.65
Ha412HOChr09	166000001	09	53.82
Ha412HOChr09	167000001	09	54.21
Ha412HOChr09	168000001	09	54.82
Ha412HOChr09	169000001	09	55.52
Ha412HOChr09	170000001	09	56.19
Ha412HOChr09	171000001	09	56.75
Ha412HOChr09	172000001	09	57.23
Ha412HOChr09	173000001	09	57.49
Ha412HOChr09	174000001	09	57.67
Ha412HOChr09	175000001	09	58.1
Ha412HOChr09	176000001	09	58.76
Ha412HOChr09	177000001	09	59.53
Ha412HOChr09	178000001	09	60.17
Ha412HOChr09	179000001	09	60.55
Ha412HOChr09	180000001	09	60.73
Ha412HOChr09	181000001	09	60.83
Ha412HOChr09	182000001	09	61.11
Ha412HOChr09	183000001	09	61.59
Ha412HOChr09	184000001	09	61.98
Ha412HOChr09	185000001	09	62.3
Ha412HOChr09	186000001	09	62.74
Ha412HOChr09	187000001	09	63.4
Ha412HOChr09	188000001	09	64.2
Ha412HOChr09	189000001	09	65.22
Ha412HOChr09	190000001	09	66.23
Ha412HOChr09	191000001	09	67.36
Ha412HOChr09	192000001	09	69.01
Ha412HOChr09	193000001	09	71.6
Ha412HOChr09	194000001	09	75.14
Ha412HOChr09	195000001	09	79.06
Ha412HOChr09	196000001	09	82.77
Ha412HOChr09	197000001	09	86.05
Ha412HOChr09	198000001	09	88.91
Ha412HOChr09	199000001	09	91.16
Ha412HOChr09	200000001	09	92.82
Ha412HOChr09	200254352	09	93.22
Ha412HOChr10	1	10	0.01
Ha412HOChr10	1000001	10	0.01
Ha412HOChr10	2000001	10	2.92
Ha412HOChr10	3000001	10	6.17
Ha412HOChr10	4000001	10	9.35
Ha412HOChr10	5000001	10	12.12
Ha412HOChr10	6000001	10	14.41
Ha412HOChr10	7000001	10	16.52
Ha412HOChr10	8000001	10	18.62
Ha412HOChr10	9000001	10	20.85
Ha412HOChr10	10000001	10	23.31
Ha412HOChr10	11000001	10	25.76
Ha412HOChr10	12000001	10	27.87
Ha412HOChr10	13000001	10	29.73
Ha412HOChr10	14000001	10	31.46
Ha412HOChr10	15000001	10	32.93
Ha412HOChr10	16000001	10	34.09
Ha412HOChr10	17000001	10	35.02
Ha412HOChr10	18000001	10	35.87
Ha412HOChr10	19000001	10	36.76
Ha412HOChr10	20000001	10	37.47
Ha412HOChr10	21000001	10	38.13
Ha412HOChr10	22000001	10	38.83
Ha412HOChr10	23000001	10	39.62
Ha412HOChr10	24000001	10	40.46
Ha412HOChr10	25000001	10	41.16
Ha412HOChr10	26000001	10	41.55
Ha412HOChr10	27000001	10	41.71
Ha412HOChr10	28000001	10	41.86
Ha412HOChr10	29000001	10	42.16
Ha412HOChr10	30000001	10	42.61
Ha412HOChr10	31000001	10	43.11
Ha412HOChr10	32000001	10	43.53
Ha412HOChr10	33000001	10	43.8
Ha412HOChr10	34000001	10	43.91
Ha412HOChr10	35000001	10	43.96
Ha412HOChr10	36000001	10	44.02
Ha412HOChr10	37000001	10	44.06
Ha412HOChr10	38000001	10	44.06
Ha412HOChr10	39000001	10	44.06
Ha412HOChr10	40000001	10	44.06
Ha412HOChr10	41000001	10	44.06
Ha412HOChr10	42000001	10	44.19
Ha412HOChr10	43000001	10	44.39
Ha412HOChr10	44000001	10	44.52
Ha412HOChr10	45000001	10	44.57
Ha412HOChr10	46000001	10	44.57
Ha412HOChr10	47000001	10	44.57
Ha412HOChr10	48000001	10	44.57
Ha412HOChr10	49000001	10	44.57
Ha412HOChr10	50000001	10	44.57
Ha412HOChr10	51000001	10	44.62
Ha412HOChr10	52000001	10	44.73
Ha412HOChr10	53000001	10	44.82
Ha412HOChr10	54000001	10	44.86
Ha412HOChr10	55000001	10	44.86
Ha412HOChr10	56000001	10	44.86
Ha412HOChr10	57000001	10	44.86
Ha412HOChr10	58000001	10	44.86
Ha412HOChr10	59000001	10	44.86
Ha412HOChr10	60000001	10	44.86
Ha412HOChr10	61000001	10	44.86
Ha412HOChr10	62000001	10	44.86
Ha412HOChr10	63000001	10	44.86
Ha412HOChr10	64000001	10	44.86
Ha412HOChr10	65000001	10	44.86
Ha412HOChr10	66000001	10	44.86
Ha412HOChr10	67000001	10	44.86
Ha412HOChr10	68000001	10	44.86
Ha412HOChr10	69000001	10	44.86
Ha412HOChr10	70000001	10	44.86
Ha412HOChr10	71000001	10	44.86
Ha412HOChr10	72000001	10	44.86
Ha412HOChr10	73000001	10	44.86
Ha412HOChr10	74000001	10	44.86
Ha412HOChr10	75000001	10	44.86
Ha412HOChr10	76000001	10	44.86
Ha412HOChr10	77000001	10	44.86
Ha412HOChr10	78000001	10	44.86
Ha412HOChr10	79000001	10	44.86
Ha412HOChr10	80000001	10	44.86
Ha412HOChr10	81000001	10	44.86
Ha412HOChr10	82000001	10	44.86
Ha412HOChr10	83000001	10	44.86
Ha412HOChr10	84000001	10	44.86
Ha412HOChr10	85000001	10	44.86
Ha412HOChr10	86000001	10	44.86
Ha412HOChr10	87000001	10	44.86
Ha412HOChr10	88000001	10	44.86
Ha412HOChr10	89000001	10	44.86
Ha412HOChr10	90000001	10	44.86
Ha412HOChr10	91000001	10	44.86
Ha412HOChr10	92000001	10	44.86
Ha412HOChr10	93000001	10	44.86
Ha412HOChr10	94000001	10	44.86
Ha412HOChr10	95000001	10	44.86
Ha412HOChr10	96000001	10	44.86
Ha412HOChr10	97000001	10	44.86
Ha412HOChr10	98000001	10	44.86
Ha412HOChr10	99000001	10	44.86
Ha412HOChr10	100000001	10	44.86
Ha412HOChr10	101000001	10	44.86
Ha412HOChr10	102000001	10	44.86
Ha412HOChr10	103000001	10	44.86
Ha412HOChr10	104000001	10	44.86
Ha412HOChr10	105000001	10	44.86
Ha412HOChr10	106000001	10	44.86
Ha412HOChr10	107000001	10	44.86
Ha412HOChr10	108000001	10	44.86
Ha412HOChr10	109000001	10	44.86
Ha412HOChr10	110000001	10	44.86
Ha412HOChr10	111000001	10	44.86
Ha412HOChr10	112000001	10	44.86
Ha412HOChr10	113000001	10	44.86
Ha412HOChr10	114000001	10	44.86
Ha412HOChr10	115000001	10	44.86
Ha412HOChr10	116000001	10	44.86
Ha412HOChr10	117000001	10	44.86
Ha412HOChr10	118000001	10	44.86
Ha412HOChr10	119000001	10	44.86
Ha412HOChr10	120000001	10	44.86
Ha412HOChr10	121000001	10	44.86
Ha412HOChr10	122000001	10	44.86
Ha412HOChr10	123000001	10	44.86
Ha412HOChr10	124000001	10	44.86
Ha412HOChr10	125000001	10	44.86
Ha412HOChr10	126000001	10	44.86
Ha412HOChr10	127000001	10	44.86
Ha412HOChr10	128000001	10	44.86
Ha412HOChr10	129000001	10	44.86
Ha412HOChr10	130000001	10	44.86
Ha412HOChr10	131000001	10	44.86
Ha412HOChr10	132000001	10	44.86
Ha412HOChr10	133000001	10	44.86
Ha412HOChr10	134000001	10	44.86
Ha412HOChr10	135000001	10	44.86
Ha412HOChr10	136000001	10	44.86
Ha412HOChr10	137000001	10	44.86
Ha412HOChr10	138000001	10	44.86
Ha412HOChr10	139000001	10	44.86
Ha412HOChr10	140000001	10	44.87
Ha412HOChr10	141000001	10	44.96
Ha412HOChr10	142000001	10	45.05
Ha412HOChr10	143000001	10	45.13
Ha412HOChr10	144000001	10	45.16
Ha412HOChr10	145000001	10	45.17
Ha412HOChr10	146000001	10	45.17
Ha412HOChr10	147000001	10	45.17
Ha412HOChr10	148000001	10	45.17
Ha412HOChr10	149000001	10	45.19
Ha412HOChr10	150000001	10	45.37
Ha412HOChr10	151000001	10	45.7
Ha412HOChr10	152000001	10	46.15
Ha412HOChr10	153000001	10	46.64
Ha412HOChr10	154000001	10	46.94
Ha412HOChr10	155000001	10	47.05
Ha412HOChr10	156000001	10	47.05
Ha412HOChr10	157000001	10	47.05
Ha412HOChr10	158000001	10	47.05
Ha412HOChr10	159000001	10	47.05
Ha412HOChr10	160000001	10	47.05
Ha412HOChr10	161000001	10	47.05
Ha412HOChr10	162000001	10	47.05
Ha412HOChr10	163000001	10	47.19
Ha412HOChr10	164000001	10	47.54
Ha412HOChr10	165000001	10	47.97
Ha412HOChr10	166000001	10	48.37
Ha412HOChr10	167000001	10	48.76
Ha412HOChr10	168000001	10	49.14
Ha412HOChr10	169000001	10	49.52
Ha412HOChr10	170000001	10	50.02
Ha412HOChr10	171000001	10	50.78
Ha412HOChr10	172000001	10	51.65
Ha412HOChr10	173000001	10	52.36
Ha412HOChr10	174000001	10	52.91
Ha412HOChr10	175000001	10	53.52
Ha412HOChr10	176000001	10	54.39
Ha412HOChr10	177000001	10	55.59
Ha412HOChr10	178000001	10	57.07
Ha412HOChr10	179000001	10	58.54
Ha412HOChr10	180000001	10	59.91
Ha412HOChr10	181000001	10	61.15
Ha412HOChr10	182000001	10	62.25
Ha412HOChr10	183000001	10	63.24
Ha412HOChr10	184000001	10	64.51
Ha412HOChr10	185000001	10	66.5
Ha412HOChr10	186000001	10	69.24
Ha412HOChr10	187000001	10	72.57
Ha412HOChr10	188000001	10	76.51
Ha412HOChr10	189000001	10	81
Ha412HOChr10	190000001	10	85.79
Ha412HOChr10	190919061	10	90.22
Ha412HOChr11	1	11	0.01
Ha412HOChr11	1000001	11	0.25
Ha412HOChr11	2000001	11	4.07
Ha412HOChr11	3000001	11	6.21
Ha412HOChr11	4000001	11	7.76
Ha412HOChr11	5000001	11	11.89
Ha412HOChr11	6000001	11	17.24
Ha412HOChr11	7000001	11	20.07
Ha412HOChr11	8000001	11	22.46
Ha412HOChr11	9000001	11	23.75
Ha412HOChr11	10000001	11	26.88
Ha412HOChr11	11000001	11	31.14
Ha412HOChr11	12000001	11	32.42
Ha412HOChr11	13000001	11	33.21
Ha412HOChr11	14000001	11	34.51
Ha412HOChr11	15000001	11	36.3
Ha412HOChr11	16000001	11	37.41
Ha412HOChr11	17000001	11	37.46
Ha412HOChr11	18000001	11	37.82
Ha412HOChr11	19000001	11	38.86
Ha412HOChr11	20000001	11	40.12
Ha412HOChr11	21000001	11	40.15
Ha412HOChr11	22000001	11	40.15
Ha412HOChr11	23000001	11	40.21
Ha412HOChr11	24000001	11	40.43
Ha412HOChr11	25000001	11	40.73
Ha412HOChr11	26000001	11	41.05
Ha412HOChr11	27000001	11	41.34
Ha412HOChr11	28000001	11	41.56
Ha412HOChr11	29000001	11	41.67
Ha412HOChr11	30000001	11	41.67
Ha412HOChr11	31000001	11	41.67
Ha412HOChr11	32000001	11	41.7
Ha412HOChr11	33000001	11	41.7
Ha412HOChr11	34000001	11	41.7
Ha412HOChr11	35000001	11	41.7
Ha412HOChr11	36000001	11	41.7
Ha412HOChr11	37000001	11	41.7
Ha412HOChr11	38000001	11	41.7
Ha412HOChr11	39000001	11	41.7
Ha412HOChr11	40000001	11	41.76
Ha412HOChr11	41000001	11	42.76
Ha412HOChr11	42000001	11	43.93
Ha412HOChr11	43000001	11	44.95
Ha412HOChr11	44000001	11	45.4
Ha412HOChr11	45000001	11	45.4
Ha412HOChr11	46000001	11	45.4
Ha412HOChr11	47000001	11	45.4
Ha412HOChr11	48000001	11	45.4
Ha412HOChr11	49000001	11	45.4
Ha412HOChr11	50000001	11	45.4
Ha412HOChr11	51000001	11	45.99
Ha412HOChr11	52000001	11	46.43
Ha412HOChr11	53000001	11	46.57
Ha412HOChr11	54000001	11	46.6
Ha412HOChr11	55000001	11	46.6
Ha412HOChr11	56000001	11	46.6
Ha412HOChr11	57000001	11	46.6
Ha412HOChr11	58000001	11	46.6
Ha412HOChr11	59000001	11	46.64
Ha412HOChr11	60000001	11	46.74
Ha412HOChr11	61000001	11	46.83
Ha412HOChr11	62000001	11	46.92
Ha412HOChr11	63000001	11	47
Ha412HOChr11	64000001	11	47.07
Ha412HOChr11	65000001	11	47.13
Ha412HOChr11	66000001	11	47.18
Ha412HOChr11	67000001	11	47.22
Ha412HOChr11	68000001	11	47.24
Ha412HOChr11	69000001	11	47.24
Ha412HOChr11	70000001	11	47.24
Ha412HOChr11	71000001	11	47.24
Ha412HOChr11	72000001	11	47.24
Ha412HOChr11	73000001	11	47.24
Ha412HOChr11	74000001	11	47.24
Ha412HOChr11	75000001	11	47.24
Ha412HOChr11	76000001	11	47.24
Ha412HOChr11	77000001	11	47.24
Ha412HOChr11	78000001	11	47.24
Ha412HOChr11	79000001	11	47.24
Ha412HOChr11	80000001	11	47.24
Ha412HOChr11	81000001	11	47.24
Ha412HOChr11	82000001	11	47.24
Ha412HOChr11	83000001	11	47.24
Ha412HOChr11	84000001	11	47.24
Ha412HOChr11	85000001	11	47.24
Ha412HOChr11	86000001	11	47.24
Ha412HOChr11	87000001	11	47.24
Ha412HOChr11	88000001	11	47.24
Ha412HOChr11	89000001	11	47.24
Ha412HOChr11	90000001	11	47.24
Ha412HOChr11	91000001	11	47.24
Ha412HOChr11	92000001	11	47.27
Ha412HOChr11	93000001	11	47.3
Ha412HOChr11	94000001	11	47.3
Ha412HOChr11	95000001	11	47.3
Ha412HOChr11	96000001	11	47.3
Ha412HOChr11	97000001	11	47.3
Ha412HOChr11	98000001	11	47.3
Ha412HOChr11	99000001	11	47.3
Ha412HOChr11	100000001	11	47.3
Ha412HOChr11	101000001	11	47.3
Ha412HOChr11	102000001	11	47.3
Ha412HOChr11	103000001	11	47.3
Ha412HOChr11	104000001	11	47.3
Ha412HOChr11	105000001	11	47.3
Ha412HOChr11	106000001	11	47.3
Ha412HOChr11	107000001	11	47.3
Ha412HOChr11	108000001	11	47.3
Ha412HOChr11	109000001	11	47.3
Ha412HOChr11	110000001	11	47.3
Ha412HOChr11	111000001	11	47.3
Ha412HOChr11	112000001	11	47.3
Ha412HOChr11	113000001	11	47.3
Ha412HOChr11	114000001	11	47.3
Ha412HOChr11	115000001	11	47.3
Ha412HOChr11	116000001	11	47.3
Ha412HOChr11	117000001	11	47.3
Ha412HOChr11	118000001	11	47.3
Ha412HOChr11	119000001	11	47.3
Ha412HOChr11	120000001	11	47.3
Ha412HOChr11	121000001	11	47.3
Ha412HOChr11	122000001	11	47.3
Ha412HOChr11	123000001	11	47.3
Ha412HOChr11	124000001	11	47.3
Ha412HOChr11	125000001	11	47.3
Ha412HOChr11	126000001	11	47.3
Ha412HOChr11	127000001	11	47.3
Ha412HOChr11	128000001	11	47.3
Ha412HOChr11	129000001	11	47.3
Ha412HOChr11	130000001	11	47.3
Ha412HOChr11	131000001	11	47.3
Ha412HOChr11	132000001	11	47.3
Ha412HOChr11	133000001	11	47.3
Ha412HOChr11	134000001	11	47.3
Ha412HOChr11	135000001	11	47.3
Ha412HOChr11	136000001	11	47.3
Ha412HOChr11	137000001	11	47.3
Ha412HOChr11	138000001	11	47.3
Ha412HOChr11	139000001	11	47.3
Ha412HOChr11	140000001	11	47.3
Ha412HOChr11	141000001	11	47.3
Ha412HOChr11	142000001	11	47.3
Ha412HOChr11	143000001	11	47.3
Ha412HOChr11	144000001	11	47.3
Ha412HOChr11	145000001	11	47.3
Ha412HOChr11	146000001	11	47.3
Ha412HOChr11	147000001	11	47.3
Ha412HOChr11	148000001	11	47.3
Ha412HOChr11	149000001	11	47.8
Ha412HOChr11	150000001	11	48.35
Ha412HOChr11	151000001	11	49.02
Ha412HOChr11	152000001	11	49.26
Ha412HOChr11	153000001	11	49.62
Ha412HOChr11	154000001	11	50.62
Ha412HOChr11	155000001	11	51.77
Ha412HOChr11	156000001	11	52.2
Ha412HOChr11	157000001	11	52.37
Ha412HOChr11	158000001	11	52.76
Ha412HOChr11	159000001	11	53.36
Ha412HOChr11	160000001	11	53.99
Ha412HOChr11	161000001	11	54.46
Ha412HOChr11	162000001	11	54.6
Ha412HOChr11	163000001	11	54.6
Ha412HOChr11	164000001	11	54.6
Ha412HOChr11	165000001	11	54.6
Ha412HOChr11	166000001	11	54.6
Ha412HOChr11	167000001	11	54.78
Ha412HOChr11	168000001	11	55.66
Ha412HOChr11	169000001	11	56.45
Ha412HOChr11	170000001	11	56.74
Ha412HOChr11	171000001	11	57.66
Ha412HOChr11	172000001	11	57.87
Ha412HOChr11	173000001	11	58.33
Ha412HOChr11	174000001	11	59.04
Ha412HOChr11	175000001	11	59.43
Ha412HOChr11	176000001	11	59.43
Ha412HOChr11	177000001	11	59.43
Ha412HOChr11	178000001	11	59.93
Ha412HOChr11	179000001	11	62.09
Ha412HOChr11	180000001	11	63.64
Ha412HOChr11	181000001	11	63.77
Ha412HOChr11	182000001	11	64.06
Ha412HOChr11	183000001	11	64.25
Ha412HOChr11	184000001	11	64.44
Ha412HOChr11	185000001	11	65.07
Ha412HOChr11	186000001	11	67.94
Ha412HOChr11	187000001	11	69.06
Ha412HOChr11	188000001	11	71.57
Ha412HOChr11	189000001	11	75.92
Ha412HOChr11	190000001	11	77.64
Ha412HOChr11	191000001	11	78.82
Ha412HOChr11	192000001	11	80.27
Ha412HOChr11	193000001	11	81.97
Ha412HOChr11	194000001	11	83.07
Ha412HOChr11	195000001	11	83.07
Ha412HOChr11	196000001	11	83.17
Ha412HOChr11	197000001	11	83.17
Ha412HOChr11	198000001	11	83.85
Ha412HOChr11	199000001	11	84.82
Ha412HOChr11	199477616	11	85.07
Ha412HOChr12	1	12	0.01
Ha412HOChr12	1000001	12	2.66
Ha412HOChr12	2000001	12	6.63
Ha412HOChr12	3000001	12	9.8
Ha412HOChr12	4000001	12	12.6
Ha412HOChr12	5000001	12	16.67
Ha412HOChr12	6000001	12	21.07
Ha412HOChr12	7000001	12	23.91
Ha412HOChr12	8000001	12	25.59
Ha412HOChr12	9000001	12	26.78
Ha412HOChr12	10000001	12	27.62
Ha412HOChr12	11000001	12	28.17
Ha412HOChr12	12000001	12	28.92
Ha412HOChr12	13000001	12	30.33
Ha412HOChr12	14000001	12	31.61
Ha412HOChr12	15000001	12	32.97
Ha412HOChr12	16000001	12	34.78
Ha412HOChr12	17000001	12	35.97
Ha412HOChr12	18000001	12	36.66
Ha412HOChr12	19000001	12	37.21
Ha412HOChr12	20000001	12	38.08
Ha412HOChr12	21000001	12	38.68
Ha412HOChr12	22000001	12	38.77
Ha412HOChr12	23000001	12	38.77
Ha412HOChr12	24000001	12	38.77
Ha412HOChr12	25000001	12	38.81
Ha412HOChr12	26000001	12	39.37
Ha412HOChr12	27000001	12	40.26
Ha412HOChr12	28000001	12	40.84
Ha412HOChr12	29000001	12	41.05
Ha412HOChr12	30000001	12	41.39
Ha412HOChr12	31000001	12	41.87
Ha412HOChr12	32000001	12	42.41
Ha412HOChr12	33000001	12	42.93
Ha412HOChr12	34000001	12	43.35
Ha412HOChr12	35000001	12	43.63
Ha412HOChr12	36000001	12	44.05
Ha412HOChr12	37000001	12	44.6
Ha412HOChr12	38000001	12	45.2
Ha412HOChr12	39000001	12	45.64
Ha412HOChr12	40000001	12	45.74
Ha412HOChr12	41000001	12	45.74
Ha412HOChr12	42000001	12	45.74
Ha412HOChr12	43000001	12	45.74
Ha412HOChr12	44000001	12	46.06
Ha412HOChr12	45000001	12	46.82
Ha412HOChr12	46000001	12	47.56
Ha412HOChr12	47000001	12	47.87
Ha412HOChr12	48000001	12	47.9
Ha412HOChr12	49000001	12	47.9
Ha412HOChr12	50000001	12	47.9
Ha412HOChr12	51000001	12	47.9
Ha412HOChr12	52000001	12	47.9
Ha412HOChr12	53000001	12	47.9
Ha412HOChr12	54000001	12	48.25
Ha412HOChr12	55000001	12	49
Ha412HOChr12	56000001	12	49.77
Ha412HOChr12	57000001	12	50.05
Ha412HOChr12	58000001	12	50.05
Ha412HOChr12	59000001	12	50.05
Ha412HOChr12	60000001	12	50.05
Ha412HOChr12	61000001	12	50.15
Ha412HOChr12	62000001	12	50.62
Ha412HOChr12	63000001	12	51.1
Ha412HOChr12	64000001	12	51.35
Ha412HOChr12	65000001	12	51.36
Ha412HOChr12	66000001	12	51.36
Ha412HOChr12	67000001	12	51.64
Ha412HOChr12	68000001	12	52.33
Ha412HOChr12	69000001	12	53.19
Ha412HOChr12	70000001	12	53.52
Ha412HOChr12	71000001	12	53.52
Ha412HOChr12	72000001	12	53.64
Ha412HOChr12	73000001	12	54.13
Ha412HOChr12	74000001	12	54.54
Ha412HOChr12	75000001	12	54.78
Ha412HOChr12	76000001	12	55.01
Ha412HOChr12	77000001	12	55.18
Ha412HOChr12	78000001	12	55.42
Ha412HOChr12	79000001	12	55.74
Ha412HOChr12	80000001	12	56.14
Ha412HOChr12	81000001	12	56.59
Ha412HOChr12	82000001	12	57.09
Ha412HOChr12	83000001	12	57.61
Ha412HOChr12	84000001	12	58.15
Ha412HOChr12	85000001	12	58.69
Ha412HOChr12	86000001	12	59.22
Ha412HOChr12	87000001	12	59.72
Ha412HOChr12	88000001	12	60.17
Ha412HOChr12	89000001	12	60.57
Ha412HOChr12	90000001	12	60.91
Ha412HOChr12	91000001	12	61.15
Ha412HOChr12	92000001	12	61.31
Ha412HOChr12	93000001	12	61.34
Ha412HOChr12	94000001	12	61.34
Ha412HOChr12	95000001	12	61.34
Ha412HOChr12	96000001	12	61.34
Ha412HOChr12	97000001	12	61.55
Ha412HOChr12	98000001	12	61.59
Ha412HOChr12	99000001	12	61.59
Ha412HOChr12	100000001	12	61.59
Ha412HOChr12	101000001	12	61.59
Ha412HOChr12	102000001	12	61.83
Ha412HOChr12	103000001	12	62.33
Ha412HOChr12	104000001	12	62.61
Ha412HOChr12	105000001	12	62.66
Ha412HOChr12	106000001	12	62.66
Ha412HOChr12	107000001	12	62.66
Ha412HOChr12	108000001	12	62.66
Ha412HOChr12	109000001	12	62.88
Ha412HOChr12	110000001	12	63.26
Ha412HOChr12	111000001	12	63.61
Ha412HOChr12	112000001	12	63.73
Ha412HOChr12	113000001	12	63.73
Ha412HOChr12	114000001	12	63.73
Ha412HOChr12	115000001	12	63.73
Ha412HOChr12	116000001	12	63.73
Ha412HOChr12	117000001	12	63.73
Ha412HOChr12	118000001	12	63.73
Ha412HOChr12	119000001	12	63.73
Ha412HOChr12	120000001	12	63.73
Ha412HOChr12	121000001	12	63.73
Ha412HOChr12	122000001	12	63.73
Ha412HOChr12	123000001	12	63.73
Ha412HOChr12	124000001	12	63.73
Ha412HOChr12	125000001	12	63.73
Ha412HOChr12	126000001	12	63.73
Ha412HOChr12	127000001	12	63.73
Ha412HOChr12	128000001	12	63.73
Ha412HOChr12	129000001	12	63.73
Ha412HOChr12	130000001	12	63.73
Ha412HOChr12	131000001	12	63.73
Ha412HOChr12	132000001	12	63.73
Ha412HOChr12	133000001	12	63.77
Ha412HOChr12	134000001	12	63.84
Ha412HOChr12	135000001	12	63.88
Ha412HOChr12	136000001	12	63.88
Ha412HOChr12	137000001	12	63.88
Ha412HOChr12	138000001	12	63.88
Ha412HOChr12	139000001	12	63.88
Ha412HOChr12	140000001	12	63.88
Ha412HOChr12	141000001	12	63.88
Ha412HOChr12	142000001	12	63.88
Ha412HOChr12	143000001	12	63.88
Ha412HOChr12	144000001	12	63.88
Ha412HOChr12	145000001	12	63.88
Ha412HOChr12	146000001	12	63.88
Ha412HOChr12	147000001	12	63.88
Ha412HOChr12	148000001	12	63.88
Ha412HOChr12	149000001	12	63.88
Ha412HOChr12	150000001	12	63.88
Ha412HOChr12	151000001	12	63.88
Ha412HOChr12	152000001	12	63.88
Ha412HOChr12	153000001	12	63.88
Ha412HOChr12	154000001	12	63.88
Ha412HOChr12	155000001	12	63.88
Ha412HOChr12	156000001	12	63.88
Ha412HOChr12	157000001	12	63.88
Ha412HOChr12	158000001	12	63.88
Ha412HOChr12	159000001	12	63.88
Ha412HOChr12	160000001	12	63.88
Ha412HOChr12	161000001	12	63.88
Ha412HOChr12	162000001	12	63.88
Ha412HOChr12	163000001	12	63.88
Ha412HOChr12	164000001	12	63.88
Ha412HOChr12	165000001	12	63.88
Ha412HOChr12	166000001	12	63.88
Ha412HOChr12	167000001	12	63.88
Ha412HOChr12	168000001	12	64.03
Ha412HOChr12	169000001	12	64.9
Ha412HOChr12	170000001	12	65.78
Ha412HOChr12	171000001	12	66.43
Ha412HOChr12	172000001	12	67.21
Ha412HOChr12	173000001	12	68.27
Ha412HOChr12	174000001	12	69.29
Ha412HOChr12	175000001	12	69.94
Ha412HOChr12	176000001	12	70.16
Ha412HOChr12	177000001	12	70.21
Ha412HOChr12	178000001	12	70.24
Ha412HOChr12	179000001	12	70.28
Ha412HOChr12	179008902	12	70.28
Ha412HOChr13	1	13	-0
Ha412HOChr13	1000001	13	0.01
Ha412HOChr13	2000001	13	0.01
Ha412HOChr13	3000001	13	0.03
Ha412HOChr13	4000001	13	0.14
Ha412HOChr13	5000001	13	0.29
Ha412HOChr13	6000001	13	0.43
Ha412HOChr13	7000001	13	0.52
Ha412HOChr13	8000001	13	0.62
Ha412HOChr13	9000001	13	0.82
Ha412HOChr13	10000001	13	1.01
Ha412HOChr13	11000001	13	1.08
Ha412HOChr13	12000001	13	1.09
Ha412HOChr13	13000001	13	1.09
Ha412HOChr13	14000001	13	1.09
Ha412HOChr13	15000001	13	1.09
Ha412HOChr13	16000001	13	1.09
Ha412HOChr13	17000001	13	1.09
Ha412HOChr13	18000001	13	1.09
Ha412HOChr13	19000001	13	1.09
Ha412HOChr13	20000001	13	1.09
Ha412HOChr13	21000001	13	1.09
Ha412HOChr13	22000001	13	1.09
Ha412HOChr13	23000001	13	1.09
Ha412HOChr13	24000001	13	1.09
Ha412HOChr13	25000001	13	1.09
Ha412HOChr13	26000001	13	1.09
Ha412HOChr13	27000001	13	1.09
Ha412HOChr13	28000001	13	1.11
Ha412HOChr13	29000001	13	1.28
Ha412HOChr13	30000001	13	1.54
Ha412HOChr13	31000001	13	1.81
Ha412HOChr13	32000001	13	2.02
Ha412HOChr13	33000001	13	2.13
Ha412HOChr13	34000001	13	2.18
Ha412HOChr13	35000001	13	2.19
Ha412HOChr13	36000001	13	2.2
Ha412HOChr13	37000001	13	2.2
Ha412HOChr13	38000001	13	2.2
Ha412HOChr13	39000001	13	2.2
Ha412HOChr13	40000001	13	2.2
Ha412HOChr13	41000001	13	2.2
Ha412HOChr13	42000001	13	2.2
Ha412HOChr13	43000001	13	2.2
Ha412HOChr13	44000001	13	2.2
Ha412HOChr13	45000001	13	2.2
Ha412HOChr13	46000001	13	2.2
Ha412HOChr13	47000001	13	2.2
Ha412HOChr13	48000001	13	2.3
Ha412HOChr13	49000001	13	2.45
Ha412HOChr13	50000001	13	2.58
Ha412HOChr13	51000001	13	2.66
Ha412HOChr13	52000001	13	2.69
Ha412HOChr13	53000001	13	2.69
Ha412HOChr13	54000001	13	2.69
Ha412HOChr13	55000001	13	2.69
Ha412HOChr13	56000001	13	2.69
Ha412HOChr13	57000001	13	2.69
Ha412HOChr13	58000001	13	2.69
Ha412HOChr13	59000001	13	2.69
Ha412HOChr13	60000001	13	2.69
Ha412HOChr13	61000001	13	2.69
Ha412HOChr13	62000001	13	2.69
Ha412HOChr13	63000001	13	2.69
Ha412HOChr13	64000001	13	2.69
Ha412HOChr13	65000001	13	2.69
Ha412HOChr13	66000001	13	2.72
Ha412HOChr13	67000001	13	2.95
Ha412HOChr13	68000001	13	3.36
Ha412HOChr13	69000001	13	3.83
Ha412HOChr13	70000001	13	4.24
Ha412HOChr13	71000001	13	4.5
Ha412HOChr13	72000001	13	4.79
Ha412HOChr13	73000001	13	5.37
Ha412HOChr13	74000001	13	6.07
Ha412HOChr13	75000001	13	6.6
Ha412HOChr13	76000001	13	7.16
Ha412HOChr13	77000001	13	8.04
Ha412HOChr13	78000001	13	9.41
Ha412HOChr13	79000001	13	11.07
Ha412HOChr13	80000001	13	12.58
Ha412HOChr13	81000001	13	13.49
Ha412HOChr13	82000001	13	14.11
Ha412HOChr13	83000001	13	14.89
Ha412HOChr13	84000001	13	15.96
Ha412HOChr13	85000001	13	17.32
Ha412HOChr13	86000001	13	18.82
Ha412HOChr13	87000001	13	20.79
Ha412HOChr13	88000001	13	23.39
Ha412HOChr13	89000001	13	25.94
Ha412HOChr13	90000001	13	28.05
Ha412HOChr13	91000001	13	29.68
Ha412HOChr13	92000001	13	30.93
Ha412HOChr13	93000001	13	31.6
Ha412HOChr13	94000001	13	32.14
Ha412HOChr13	95000001	13	33.32
Ha412HOChr13	96000001	13	35.05
Ha412HOChr13	97000001	13	36.82
Ha412HOChr13	98000001	13	38.37
Ha412HOChr13	99000001	13	39.65
Ha412HOChr13	100000001	13	40.59
Ha412HOChr13	101000001	13	41.15
Ha412HOChr13	102000001	13	41.52
Ha412HOChr13	103000001	13	41.81
Ha412HOChr13	104000001	13	42.13
Ha412HOChr13	105000001	13	42.58
Ha412HOChr13	106000001	13	43.15
Ha412HOChr13	107000001	13	43.62
Ha412HOChr13	108000001	13	43.94
Ha412HOChr13	109000001	13	44.07
Ha412HOChr13	110000001	13	44.1
Ha412HOChr13	111000001	13	44.14
Ha412HOChr13	112000001	13	44.31
Ha412HOChr13	113000001	13	44.62
Ha412HOChr13	114000001	13	44.95
Ha412HOChr13	115000001	13	45.2
Ha412HOChr13	116000001	13	45.29
Ha412HOChr13	117000001	13	45.29
Ha412HOChr13	118000001	13	45.29
Ha412HOChr13	119000001	13	45.37
Ha412HOChr13	120000001	13	45.65
Ha412HOChr13	121000001	13	45.91
Ha412HOChr13	122000001	13	46.14
Ha412HOChr13	123000001	13	46.41
Ha412HOChr13	124000001	13	46.67
Ha412HOChr13	125000001	13	46.91
Ha412HOChr13	126000001	13	47.03
Ha412HOChr13	127000001	13	47.05
Ha412HOChr13	128000001	13	47.07
Ha412HOChr13	129000001	13	47.19
Ha412HOChr13	130000001	13	47.41
Ha412HOChr13	131000001	13	47.55
Ha412HOChr13	132000001	13	47.58
Ha412HOChr13	133000001	13	47.58
Ha412HOChr13	134000001	13	47.58
Ha412HOChr13	135000001	13	47.64
Ha412HOChr13	136000001	13	47.77
Ha412HOChr13	137000001	13	47.93
Ha412HOChr13	138000001	13	48.11
Ha412HOChr13	139000001	13	48.31
Ha412HOChr13	140000001	13	48.51
Ha412HOChr13	141000001	13	48.72
Ha412HOChr13	142000001	13	48.92
Ha412HOChr13	143000001	13	49.12
Ha412HOChr13	144000001	13	49.31
Ha412HOChr13	145000001	13	49.4
Ha412HOChr13	146000001	13	49.48
Ha412HOChr13	147000001	13	49.78
Ha412HOChr13	148000001	13	50.4
Ha412HOChr13	149000001	13	51.13
Ha412HOChr13	150000001	13	51.8
Ha412HOChr13	151000001	13	52.33
Ha412HOChr13	152000001	13	52.75
Ha412HOChr13	153000001	13	52.95
Ha412HOChr13	154000001	13	52.99
Ha412HOChr13	155000001	13	53.03
Ha412HOChr13	156000001	13	53.18
Ha412HOChr13	157000001	13	53.36
Ha412HOChr13	158000001	13	53.46
Ha412HOChr13	159000001	13	53.49
Ha412HOChr13	160000001	13	53.49
Ha412HOChr13	161000001	13	53.49
Ha412HOChr13	162000001	13	53.52
Ha412HOChr13	163000001	13	53.87
Ha412HOChr13	164000001	13	54.46
Ha412HOChr13	165000001	13	55.01
Ha412HOChr13	166000001	13	55.62
Ha412HOChr13	167000001	13	56.48
Ha412HOChr13	168000001	13	57.57
Ha412HOChr13	169000001	13	59.07
Ha412HOChr13	170000001	13	61.03
Ha412HOChr13	171000001	13	63.51
Ha412HOChr13	172000001	13	65.81
Ha412HOChr13	173000001	13	67.87
Ha412HOChr13	174000001	13	69.85
Ha412HOChr13	175000001	13	71.77
Ha412HOChr13	175682153	13	73.07
Ha412HOChr14	1	14	0.01
Ha412HOChr14	1000001	14	0.01
Ha412HOChr14	2000001	14	0.01
Ha412HOChr14	3000001	14	0.01
Ha412HOChr14	4000001	14	0.01
Ha412HOChr14	5000001	14	0.01
Ha412HOChr14	6000001	14	0.04
Ha412HOChr14	7000001	14	0.18
Ha412HOChr14	8000001	14	0.4
Ha412HOChr14	9000001	14	0.68
Ha412HOChr14	10000001	14	1.09
Ha412HOChr14	11000001	14	1.49
Ha412HOChr14	12000001	14	1.65
Ha412HOChr14	13000001	14	1.65
Ha412HOChr14	14000001	14	1.73
Ha412HOChr14	15000001	14	2.14
Ha412HOChr14	16000001	14	2.57
Ha412HOChr14	17000001	14	2.7
Ha412HOChr14	18000001	14	2.7
Ha412HOChr14	19000001	14	2.7
Ha412HOChr14	20000001	14	2.79
Ha412HOChr14	21000001	14	3.03
Ha412HOChr14	22000001	14	3.21
Ha412HOChr14	23000001	14	3.24
Ha412HOChr14	24000001	14	3.24
Ha412HOChr14	25000001	14	3.24
Ha412HOChr14	26000001	14	3.47
Ha412HOChr14	27000001	14	4.31
Ha412HOChr14	28000001	14	5.08
Ha412HOChr14	29000001	14	5.49
Ha412HOChr14	30000001	14	5.79
Ha412HOChr14	31000001	14	6.06
Ha412HOChr14	32000001	14	6.31
Ha412HOChr14	33000001	14	6.54
Ha412HOChr14	34000001	14	6.75
Ha412HOChr14	35000001	14	6.94
Ha412HOChr14	36000001	14	7.1
Ha412HOChr14	37000001	14	7.26
Ha412HOChr14	38000001	14	7.39
Ha412HOChr14	39000001	14	7.51
Ha412HOChr14	40000001	14	7.62
Ha412HOChr14	41000001	14	7.71
Ha412HOChr14	42000001	14	7.79
Ha412HOChr14	43000001	14	7.85
Ha412HOChr14	44000001	14	7.91
Ha412HOChr14	45000001	14	7.95
Ha412HOChr14	46000001	14	7.99
Ha412HOChr14	47000001	14	8.02
Ha412HOChr14	48000001	14	8.04
Ha412HOChr14	49000001	14	8.05
Ha412HOChr14	50000001	14	8.06
Ha412HOChr14	51000001	14	8.06
Ha412HOChr14	52000001	14	8.07
Ha412HOChr14	53000001	14	8.07
Ha412HOChr14	54000001	14	8.08
Ha412HOChr14	55000001	14	8.08
Ha412HOChr14	56000001	14	8.08
Ha412HOChr14	57000001	14	8.08
Ha412HOChr14	58000001	14	8.08
Ha412HOChr14	59000001	14	8.08
Ha412HOChr14	60000001	14	8.08
Ha412HOChr14	61000001	14	8.08
Ha412HOChr14	62000001	14	8.08
Ha412HOChr14	63000001	14	8.08
Ha412HOChr14	64000001	14	8.08
Ha412HOChr14	65000001	14	8.08
Ha412HOChr14	66000001	14	8.08
Ha412HOChr14	67000001	14	8.08
Ha412HOChr14	68000001	14	8.08
Ha412HOChr14	69000001	14	8.08
Ha412HOChr14	70000001	14	8.08
Ha412HOChr14	71000001	14	8.08
Ha412HOChr14	72000001	14	8.08
Ha412HOChr14	73000001	14	8.1
Ha412HOChr14	74000001	14	8.16
Ha412HOChr14	75000001	14	8.23
Ha412HOChr14	76000001	14	8.3
Ha412HOChr14	77000001	14	8.38
Ha412HOChr14	78000001	14	8.46
Ha412HOChr14	79000001	14	8.54
Ha412HOChr14	80000001	14	8.62
Ha412HOChr14	81000001	14	8.7
Ha412HOChr14	82000001	14	8.78
Ha412HOChr14	83000001	14	8.86
Ha412HOChr14	84000001	14	8.94
Ha412HOChr14	85000001	14	9.01
Ha412HOChr14	86000001	14	9.08
Ha412HOChr14	87000001	14	9.14
Ha412HOChr14	88000001	14	9.27
Ha412HOChr14	89000001	14	9.47
Ha412HOChr14	90000001	14	9.64
Ha412HOChr14	91000001	14	9.69
Ha412HOChr14	92000001	14	9.69
Ha412HOChr14	93000001	14	9.69
Ha412HOChr14	94000001	14	9.69
Ha412HOChr14	95000001	14	9.69
Ha412HOChr14	96000001	14	9.69
Ha412HOChr14	97000001	14	9.69
Ha412HOChr14	98000001	14	9.69
Ha412HOChr14	99000001	14	9.69
Ha412HOChr14	100000001	14	9.69
Ha412HOChr14	101000001	14	9.71
Ha412HOChr14	102000001	14	9.88
Ha412HOChr14	103000001	14	10.18
Ha412HOChr14	104000001	14	10.77
Ha412HOChr14	105000001	14	11.7
Ha412HOChr14	106000001	14	12.68
Ha412HOChr14	107000001	14	13.54
Ha412HOChr14	108000001	14	14.17
Ha412HOChr14	109000001	14	14.46
Ha412HOChr14	110000001	14	14.52
Ha412HOChr14	111000001	14	14.81
Ha412HOChr14	112000001	14	15.6
Ha412HOChr14	113000001	14	16.51
Ha412HOChr14	114000001	14	17.49
Ha412HOChr14	115000001	14	18.4
Ha412HOChr14	116000001	14	19.19
Ha412HOChr14	117000001	14	19.85
Ha412HOChr14	118000001	14	20.39
Ha412HOChr14	119000001	14	20.84
Ha412HOChr14	120000001	14	21.23
Ha412HOChr14	121000001	14	21.58
Ha412HOChr14	122000001	14	21.92
Ha412HOChr14	123000001	14	22.34
Ha412HOChr14	124000001	14	23.25
Ha412HOChr14	125000001	14	25.14
Ha412HOChr14	126000001	14	27.05
Ha412HOChr14	127000001	14	28.22
Ha412HOChr14	128000001	14	28.94
Ha412HOChr14	129000001	14	29.44
Ha412HOChr14	130000001	14	29.7
Ha412HOChr14	131000001	14	29.95
Ha412HOChr14	132000001	14	30.17
Ha412HOChr14	133000001	14	30.52
Ha412HOChr14	134000001	14	30.97
Ha412HOChr14	135000001	14	31.38
Ha412HOChr14	136000001	14	31.62
Ha412HOChr14	137000001	14	31.76
Ha412HOChr14	138000001	14	32.13
Ha412HOChr14	139000001	14	32.84
Ha412HOChr14	140000001	14	33.41
Ha412HOChr14	141000001	14	33.94
Ha412HOChr14	142000001	14	34.45
Ha412HOChr14	143000001	14	35.14
Ha412HOChr14	144000001	14	35.84
Ha412HOChr14	145000001	14	36.06
Ha412HOChr14	146000001	14	36.07
Ha412HOChr14	147000001	14	36.14
Ha412HOChr14	148000001	14	36.33
Ha412HOChr14	149000001	14	36.63
Ha412HOChr14	150000001	14	37
Ha412HOChr14	151000001	14	37.45
Ha412HOChr14	152000001	14	37.95
Ha412HOChr14	153000001	14	38.49
Ha412HOChr14	154000001	14	39.07
Ha412HOChr14	155000001	14	39.8
Ha412HOChr14	156000001	14	40.39
Ha412HOChr14	157000001	14	40.91
Ha412HOChr14	158000001	14	41.41
Ha412HOChr14	159000001	14	42
Ha412HOChr14	160000001	14	42.81
Ha412HOChr14	161000001	14	43.26
Ha412HOChr14	162000001	14	43.35
Ha412HOChr14	163000001	14	43.53
Ha412HOChr14	164000001	14	43.76
Ha412HOChr14	165000001	14	43.95
Ha412HOChr14	166000001	14	44.15
Ha412HOChr14	167000001	14	44.44
Ha412HOChr14	168000001	14	44.88
Ha412HOChr14	169000001	14	45.54
Ha412HOChr14	170000001	14	46.56
Ha412HOChr14	171000001	14	47.92
Ha412HOChr14	172000001	14	48.73
Ha412HOChr14	173000001	14	49.12
Ha412HOChr14	174000001	14	49.43
Ha412HOChr14	175000001	14	50.02
Ha412HOChr14	176000001	14	51.13
Ha412HOChr14	177000001	14	52.71
Ha412HOChr14	178000001	14	54.43
Ha412HOChr14	179000001	14	55.73
Ha412HOChr14	180000001	14	57.17
Ha412HOChr14	181000001	14	58.94
Ha412HOChr14	182000001	14	60.82
Ha412HOChr14	183000001	14	62.66
Ha412HOChr14	184000001	14	64.69
Ha412HOChr14	185000001	14	67.08
Ha412HOChr14	186000001	14	69.6
Ha412HOChr14	187000001	14	72.31
Ha412HOChr14	188000001	14	74.72
Ha412HOChr14	189000001	14	76.41
Ha412HOChr14	189916084	14	77.67
Ha412HOChr15	1	15	0.01
Ha412HOChr15	1000001	15	0.01
Ha412HOChr15	2000001	15	0.36
Ha412HOChr15	3000001	15	3.95
Ha412HOChr15	4000001	15	8.25
Ha412HOChr15	5000001	15	12.65
Ha412HOChr15	6000001	15	16.84
Ha412HOChr15	7000001	15	20.63
Ha412HOChr15	8000001	15	23.75
Ha412HOChr15	9000001	15	26.15
Ha412HOChr15	10000001	15	28.6
Ha412HOChr15	11000001	15	30.22
Ha412HOChr15	12000001	15	31.27
Ha412HOChr15	13000001	15	32.67
Ha412HOChr15	14000001	15	33.95
Ha412HOChr15	15000001	15	34.43
Ha412HOChr15	16000001	15	34.79
Ha412HOChr15	17000001	15	35.58
Ha412HOChr15	18000001	15	36.15
Ha412HOChr15	19000001	15	36.47
Ha412HOChr15	20000001	15	36.65
Ha412HOChr15	21000001	15	36.7
Ha412HOChr15	22000001	15	36.7
Ha412HOChr15	23000001	15	36.7
Ha412HOChr15	24000001	15	36.7
Ha412HOChr15	25000001	15	36.7
Ha412HOChr15	26000001	15	36.7
Ha412HOChr15	27000001	15	36.7
Ha412HOChr15	28000001	15	36.7
Ha412HOChr15	29000001	15	36.7
Ha412HOChr15	30000001	15	36.7
Ha412HOChr15	31000001	15	36.7
Ha412HOChr15	32000001	15	36.7
Ha412HOChr15	33000001	15	36.7
Ha412HOChr15	34000001	15	36.7
Ha412HOChr15	35000001	15	36.7
Ha412HOChr15	36000001	15	36.91
Ha412HOChr15	37000001	15	37.01
Ha412HOChr15	38000001	15	37.1
Ha412HOChr15	39000001	15	37.6
Ha412HOChr15	40000001	15	38.57
Ha412HOChr15	41000001	15	39.19
Ha412HOChr15	42000001	15	39.34
Ha412HOChr15	43000001	15	39.39
Ha412HOChr15	44000001	15	39.44
Ha412HOChr15	45000001	15	39.52
Ha412HOChr15	46000001	15	39.62
Ha412HOChr15	47000001	15	39.76
Ha412HOChr15	48000001	15	39.95
Ha412HOChr15	49000001	15	40.2
Ha412HOChr15	50000001	15	40.52
Ha412HOChr15	51000001	15	40.92
Ha412HOChr15	52000001	15	41.27
Ha412HOChr15	53000001	15	41.39
Ha412HOChr15	54000001	15	41.45
Ha412HOChr15	55000001	15	41.66
Ha412HOChr15	56000001	15	41.93
Ha412HOChr15	57000001	15	42.35
Ha412HOChr15	58000001	15	43.01
Ha412HOChr15	59000001	15	43.83
Ha412HOChr15	60000001	15	44.73
Ha412HOChr15	61000001	15	45.64
Ha412HOChr15	62000001	15	46.43
Ha412HOChr15	63000001	15	47.08
Ha412HOChr15	64000001	15	47.82
Ha412HOChr15	65000001	15	48.49
Ha412HOChr15	66000001	15	49.1
Ha412HOChr15	67000001	15	49.62
Ha412HOChr15	68000001	15	50.07
Ha412HOChr15	69000001	15	50.45
Ha412HOChr15	70000001	15	50.74
Ha412HOChr15	71000001	15	50.95
Ha412HOChr15	72000001	15	51.08
Ha412HOChr15	73000001	15	51.12
Ha412HOChr15	74000001	15	51.12
Ha412HOChr15	75000001	15	51.12
Ha412HOChr15	76000001	15	51.12
Ha412HOChr15	77000001	15	51.12
Ha412HOChr15	78000001	15	51.23
Ha412HOChr15	79000001	15	51.42
Ha412HOChr15	80000001	15	51.58
Ha412HOChr15	81000001	15	51.7
Ha412HOChr15	82000001	15	51.8
Ha412HOChr15	83000001	15	51.88
Ha412HOChr15	84000001	15	51.93
Ha412HOChr15	85000001	15	51.96
Ha412HOChr15	86000001	15	51.98
Ha412HOChr15	87000001	15	51.99
Ha412HOChr15	88000001	15	51.99
Ha412HOChr15	89000001	15	51.99
Ha412HOChr15	90000001	15	51.99
Ha412HOChr15	91000001	15	51.99
Ha412HOChr15	92000001	15	51.99
Ha412HOChr15	93000001	15	51.99
Ha412HOChr15	94000001	15	51.99
Ha412HOChr15	95000001	15	51.99
Ha412HOChr15	96000001	15	51.99
Ha412HOChr15	97000001	15	51.99
Ha412HOChr15	98000001	15	51.99
Ha412HOChr15	99000001	15	52.01
Ha412HOChr15	100000001	15	52.09
Ha412HOChr15	101000001	15	52.2
Ha412HOChr15	102000001	15	52.34
Ha412HOChr15	103000001	15	52.51
Ha412HOChr15	104000001	15	52.72
Ha412HOChr15	105000001	15	52.96
Ha412HOChr15	106000001	15	53.24
Ha412HOChr15	107000001	15	53.57
Ha412HOChr15	108000001	15	53.94
Ha412HOChr15	109000001	15	54.35
Ha412HOChr15	110000001	15	54.88
Ha412HOChr15	111000001	15	55.79
Ha412HOChr15	112000001	15	57.12
Ha412HOChr15	113000001	15	58.83
Ha412HOChr15	114000001	15	60.3
Ha412HOChr15	115000001	15	61.02
Ha412HOChr15	116000001	15	62
Ha412HOChr15	117000001	15	63.38
Ha412HOChr15	118000001	15	64.36
Ha412HOChr15	119000001	15	64.64
Ha412HOChr15	120000001	15	64.64
Ha412HOChr15	121000001	15	64.64
Ha412HOChr15	122000001	15	64.64
Ha412HOChr15	123000001	15	64.68
Ha412HOChr15	124000001	15	64.9
Ha412HOChr15	125000001	15	65.15
Ha412HOChr15	126000001	15	65.41
Ha412HOChr15	127000001	15	65.63
Ha412HOChr15	128000001	15	66.02
Ha412HOChr15	129000001	15	66.63
Ha412HOChr15	130000001	15	67.09
Ha412HOChr15	131000001	15	67.25
Ha412HOChr15	132000001	15	67.48
Ha412HOChr15	133000001	15	67.94
Ha412HOChr15	134000001	15	68.29
Ha412HOChr15	135000001	15	68.5
Ha412HOChr15	136000001	15	68.63
Ha412HOChr15	137000001	15	68.72
Ha412HOChr15	138000001	15	68.77
Ha412HOChr15	139000001	15	68.88
Ha412HOChr15	140000001	15	69.17
Ha412HOChr15	141000001	15	69.34
Ha412HOChr15	142000001	15	69.38
Ha412HOChr15	143000001	15	69.54
Ha412HOChr15	144000001	15	69.8
Ha412HOChr15	145000001	15	69.9
Ha412HOChr15	146000001	15	69.91
Ha412HOChr15	147000001	15	69.91
Ha412HOChr15	148000001	15	69.91
Ha412HOChr15	149000001	15	69.91
Ha412HOChr15	150000001	15	69.91
Ha412HOChr15	151000001	15	69.91
Ha412HOChr15	152000001	15	69.91
Ha412HOChr15	153000001	15	69.91
Ha412HOChr15	154000001	15	69.91
Ha412HOChr15	155000001	15	69.91
Ha412HOChr15	156000001	15	69.91
Ha412HOChr15	157000001	15	69.91
Ha412HOChr15	158000001	15	69.91
Ha412HOChr15	159000001	15	70
Ha412HOChr15	160000001	15	70.26
Ha412HOChr15	161000001	15	70.42
Ha412HOChr15	162000001	15	70.45
Ha412HOChr15	163000001	15	70.45
Ha412HOChr15	164000001	15	70.45
Ha412HOChr15	165000001	15	70.45
Ha412HOChr15	166000001	15	70.45
Ha412HOChr15	167000001	15	70.45
Ha412HOChr15	168000001	15	70.45
Ha412HOChr15	169000001	15	70.45
Ha412HOChr15	170000001	15	70.45
Ha412HOChr15	171000001	15	70.45
Ha412HOChr15	172000001	15	70.45
Ha412HOChr15	173000001	15	70.45
Ha412HOChr15	174000001	15	70.45
Ha412HOChr15	175000001	15	70.45
Ha412HOChr15	176000001	15	70.45
Ha412HOChr15	177000001	15	70.45
Ha412HOChr15	178000001	15	70.45
Ha412HOChr15	179000001	15	70.45
Ha412HOChr15	180000001	15	70.45
Ha412HOChr15	181000001	15	70.49
Ha412HOChr15	182000001	15	71.08
Ha412HOChr15	183000001	15	71.85
Ha412HOChr15	184000001	15	72.67
Ha412HOChr15	185000001	15	74.07
Ha412HOChr15	186000001	15	75.48
Ha412HOChr15	186609792	15	76.24
Ha412HOChr16	1	16	0.01
Ha412HOChr16	1000001	16	0.01
Ha412HOChr16	2000001	16	1.49
Ha412HOChr16	3000001	16	3.25
Ha412HOChr16	4000001	16	4.63
Ha412HOChr16	5000001	16	5.84
Ha412HOChr16	6000001	16	7.43
Ha412HOChr16	7000001	16	10.08
Ha412HOChr16	8000001	16	13.82
Ha412HOChr16	9000001	16	17.74
Ha412HOChr16	10000001	16	21.19
Ha412HOChr16	11000001	16	24.22
Ha412HOChr16	12000001	16	26.86
Ha412HOChr16	13000001	16	28.89
Ha412HOChr16	14000001	16	30.21
Ha412HOChr16	15000001	16	31.33
Ha412HOChr16	16000001	16	32.68
Ha412HOChr16	17000001	16	33.85
Ha412HOChr16	18000001	16	34.35
Ha412HOChr16	19000001	16	34.81
Ha412HOChr16	20000001	16	35.74
Ha412HOChr16	21000001	16	36.62
Ha412HOChr16	22000001	16	37.68
Ha412HOChr16	23000001	16	38.51
Ha412HOChr16	24000001	16	38.75
Ha412HOChr16	25000001	16	38.75
Ha412HOChr16	26000001	16	38.75
Ha412HOChr16	27000001	16	38.75
Ha412HOChr16	28000001	16	38.75
Ha412HOChr16	29000001	16	38.75
Ha412HOChr16	30000001	16	38.75
Ha412HOChr16	31000001	16	38.78
Ha412HOChr16	32000001	16	39.09
Ha412HOChr16	33000001	16	39.35
Ha412HOChr16	34000001	16	39.42
Ha412HOChr16	35000001	16	39.65
Ha412HOChr16	36000001	16	40.24
Ha412HOChr16	37000001	16	40.77
Ha412HOChr16	38000001	16	41.07
Ha412HOChr16	39000001	16	41.16
Ha412HOChr16	40000001	16	41.16
Ha412HOChr16	41000001	16	41.16
Ha412HOChr16	42000001	16	41.16
Ha412HOChr16	43000001	16	41.16
Ha412HOChr16	44000001	16	41.16
Ha412HOChr16	45000001	16	41.16
Ha412HOChr16	46000001	16	41.16
Ha412HOChr16	47000001	16	41.16
Ha412HOChr16	48000001	16	41.16
Ha412HOChr16	49000001	16	41.16
Ha412HOChr16	50000001	16	41.16
Ha412HOChr16	51000001	16	41.16
Ha412HOChr16	52000001	16	41.16
Ha412HOChr16	53000001	16	41.16
Ha412HOChr16	54000001	16	41.16
Ha412HOChr16	55000001	16	41.24
Ha412HOChr16	56000001	16	41.45
Ha412HOChr16	57000001	16	41.62
Ha412HOChr16	58000001	16	41.77
Ha412HOChr16	59000001	16	41.9
Ha412HOChr16	60000001	16	42.01
Ha412HOChr16	61000001	16	42.09
Ha412HOChr16	62000001	16	42.15
Ha412HOChr16	63000001	16	42.19
Ha412HOChr16	64000001	16	42.21
Ha412HOChr16	65000001	16	42.21
Ha412HOChr16	66000001	16	42.21
Ha412HOChr16	67000001	16	42.21
Ha412HOChr16	68000001	16	42.21
Ha412HOChr16	69000001	16	42.21
Ha412HOChr16	70000001	16	42.21
Ha412HOChr16	71000001	16	42.21
Ha412HOChr16	72000001	16	42.21
Ha412HOChr16	73000001	16	42.21
Ha412HOChr16	74000001	16	42.21
Ha412HOChr16	75000001	16	42.21
Ha412HOChr16	76000001	16	42.21
Ha412HOChr16	77000001	16	42.21
Ha412HOChr16	78000001	16	42.21
Ha412HOChr16	79000001	16	42.21
Ha412HOChr16	80000001	16	42.21
Ha412HOChr16	81000001	16	42.21
Ha412HOChr16	82000001	16	42.21
Ha412HOChr16	83000001	16	42.21
Ha412HOChr16	84000001	16	42.21
Ha412HOChr16	85000001	16	42.21
Ha412HOChr16	86000001	16	42.21
Ha412HOChr16	87000001	16	42.21
Ha412HOChr16	88000001	16	42.21
Ha412HOChr16	89000001	16	42.21
Ha412HOChr16	90000001	16	42.21
Ha412HOChr16	91000001	16	42.21
Ha412HOChr16	92000001	16	42.21
Ha412HOChr16	93000001	16	42.21
Ha412HOChr16	94000001	16	42.21
Ha412HOChr16	95000001	16	42.21
Ha412HOChr16	96000001	16	42.21
Ha412HOChr16	97000001	16	42.21
Ha412HOChr16	98000001	16	42.21
Ha412HOChr16	99000001	16	42.21
Ha412HOChr16	100000001	16	42.21
Ha412HOChr16	101000001	16	42.21
Ha412HOChr16	102000001	16	42.21
Ha412HOChr16	103000001	16	42.21
Ha412HOChr16	104000001	16	42.21
Ha412HOChr16	105000001	16	42.21
Ha412HOChr16	106000001	16	42.21
Ha412HOChr16	107000001	16	42.21
Ha412HOChr16	108000001	16	42.21
Ha412HOChr16	109000001	16	42.21
Ha412HOChr16	110000001	16	42.21
Ha412HOChr16	111000001	16	42.21
Ha412HOChr16	112000001	16	42.21
Ha412HOChr16	113000001	16	42.21
Ha412HOChr16	114000001	16	42.21
Ha412HOChr16	115000001	16	42.21
Ha412HOChr16	116000001	16	42.21
Ha412HOChr16	117000001	16	42.21
Ha412HOChr16	118000001	16	42.73
Ha412HOChr16	119000001	16	43.23
Ha412HOChr16	120000001	16	43.38
Ha412HOChr16	121000001	16	43.61
Ha412HOChr16	122000001	16	43.99
Ha412HOChr16	123000001	16	44.27
Ha412HOChr16	124000001	16	44.38
Ha412HOChr16	125000001	16	44.54
Ha412HOChr16	126000001	16	44.76
Ha412HOChr16	127000001	16	44.91
Ha412HOChr16	128000001	16	45.01
Ha412HOChr16	129000001	16	45.07
Ha412HOChr16	130000001	16	45.14
Ha412HOChr16	131000001	16	45.21
Ha412HOChr16	132000001	16	45.32
Ha412HOChr16	133000001	16	45.47
Ha412HOChr16	134000001	16	45.7
Ha412HOChr16	135000001	16	46
Ha412HOChr16	136000001	16	46.42
Ha412HOChr16	137000001	16	46.95
Ha412HOChr16	138000001	16	47.61
Ha412HOChr16	139000001	16	48.05
Ha412HOChr16	140000001	16	48.14
Ha412HOChr16	141000001	16	48.21
Ha412HOChr16	142000001	16	48.51
Ha412HOChr16	143000001	16	48.84
Ha412HOChr16	144000001	16	49.08
Ha412HOChr16	145000001	16	49.19
Ha412HOChr16	146000001	16	49.2
Ha412HOChr16	147000001	16	49.2
Ha412HOChr16	148000001	16	49.3
Ha412HOChr16	149000001	16	49.67
Ha412HOChr16	150000001	16	50.1
Ha412HOChr16	151000001	16	50.26
Ha412HOChr16	152000001	16	50.28
Ha412HOChr16	153000001	16	50.47
Ha412HOChr16	154000001	16	50.81
Ha412HOChr16	155000001	16	51.22
Ha412HOChr16	156000001	16	51.59
Ha412HOChr16	157000001	16	51.86
Ha412HOChr16	158000001	16	52.28
Ha412HOChr16	159000001	16	53.06
Ha412HOChr16	160000001	16	53.55
Ha412HOChr16	161000001	16	53.65
Ha412HOChr16	162000001	16	53.65
Ha412HOChr16	163000001	16	53.65
Ha412HOChr16	164000001	16	53.65
Ha412HOChr16	165000001	16	53.65
Ha412HOChr16	166000001	16	53.65
Ha412HOChr16	167000001	16	53.65
Ha412HOChr16	168000001	16	53.65
Ha412HOChr16	169000001	16	53.65
Ha412HOChr16	170000001	16	53.65
Ha412HOChr16	171000001	16	53.65
Ha412HOChr16	172000001	16	53.66
Ha412HOChr16	173000001	16	53.7
Ha412HOChr16	174000001	16	53.8
Ha412HOChr16	175000001	16	54
Ha412HOChr16	176000001	16	54.37
Ha412HOChr16	177000001	16	54.76
Ha412HOChr16	178000001	16	54.96
Ha412HOChr16	179000001	16	55.38
Ha412HOChr16	180000001	16	56.71
Ha412HOChr16	181000001	16	57.99
Ha412HOChr16	182000001	16	58.09
Ha412HOChr16	183000001	16	58.09
Ha412HOChr16	184000001	16	58.09
Ha412HOChr16	185000001	16	58.09
Ha412HOChr16	186000001	16	58.09
Ha412HOChr16	187000001	16	58.09
Ha412HOChr16	188000001	16	58.09
Ha412HOChr16	189000001	16	58.09
Ha412HOChr16	190000001	16	59.06
Ha412HOChr16	191000001	16	60.05
Ha412HOChr16	192000001	16	61.45
Ha412HOChr16	193000001	16	62.88
Ha412HOChr16	194000001	16	63.41
Ha412HOChr16	195000001	16	63.71
Ha412HOChr16	196000001	16	64.7
Ha412HOChr16	197000001	16	66.17
Ha412HOChr16	198000001	16	67.63
Ha412HOChr16	199000001	16	69
Ha412HOChr16	200000001	16	70.54
Ha412HOChr16	201000001	16	71.28
Ha412HOChr16	202000001	16	71.45
Ha412HOChr16	203000001	16	71.65
Ha412HOChr16	204000001	16	72.53
Ha412HOChr16	205000001	16	74.18
Ha412HOChr16	206000001	16	76.71
Ha412HOChr16	207000001	16	79.04
Ha412HOChr16	208000001	16	80.9
Ha412HOChr16	209000001	16	83.26
Ha412HOChr16	210000001	16	86.06
Ha412HOChr16	211000001	16	88.79
Ha412HOChr16	212000001	16	91.19
Ha412HOChr16	213000001	16	92.91
Ha412HOChr16	214000001	16	94.51
Ha412HOChr16	215000001	16	96.18
Ha412HOChr16	216000001	16	97.08
Ha412HOChr16	217000001	16	97.64
Ha412HOChr16	218000001	16	98.2
Ha412HOChr16	218409126	16	98.43
Ha412HOChr17	1	17	0.01
Ha412HOChr17	1000001	17	0.01
Ha412HOChr17	2000001	17	1.18
Ha412HOChr17	3000001	17	4.55
Ha412HOChr17	4000001	17	8.69
Ha412HOChr17	5000001	17	12.98
Ha412HOChr17	6000001	17	16.75
Ha412HOChr17	7000001	17	19.59
Ha412HOChr17	8000001	17	21.57
Ha412HOChr17	9000001	17	22.98
Ha412HOChr17	10000001	17	24.25
Ha412HOChr17	11000001	17	25.4
Ha412HOChr17	12000001	17	26.53
Ha412HOChr17	13000001	17	27.78
Ha412HOChr17	14000001	17	29.13
Ha412HOChr17	15000001	17	30.3
Ha412HOChr17	16000001	17	31.34
Ha412HOChr17	17000001	17	32.39
Ha412HOChr17	18000001	17	33.57
Ha412HOChr17	19000001	17	34.79
Ha412HOChr17	20000001	17	35.92
Ha412HOChr17	21000001	17	36.88
Ha412HOChr17	22000001	17	37.61
Ha412HOChr17	23000001	17	38.07
Ha412HOChr17	24000001	17	38.37
Ha412HOChr17	25000001	17	38.61
Ha412HOChr17	26000001	17	38.88
Ha412HOChr17	27000001	17	39.18
Ha412HOChr17	28000001	17	39.49
Ha412HOChr17	29000001	17	39.82
Ha412HOChr17	30000001	17	40.17
Ha412HOChr17	31000001	17	40.51
Ha412HOChr17	32000001	17	40.79
Ha412HOChr17	33000001	17	40.97
Ha412HOChr17	34000001	17	41.09
Ha412HOChr17	35000001	17	41.25
Ha412HOChr17	36000001	17	41.53
Ha412HOChr17	37000001	17	41.88
Ha412HOChr17	38000001	17	42.15
Ha412HOChr17	39000001	17	42.42
Ha412HOChr17	40000001	17	42.84
Ha412HOChr17	41000001	17	43.35
Ha412HOChr17	42000001	17	43.84
Ha412HOChr17	43000001	17	44.29
Ha412HOChr17	44000001	17	44.7
Ha412HOChr17	45000001	17	45.1
Ha412HOChr17	46000001	17	45.51
Ha412HOChr17	47000001	17	46
Ha412HOChr17	48000001	17	46.69
Ha412HOChr17	49000001	17	47.59
Ha412HOChr17	50000001	17	48.75
Ha412HOChr17	51000001	17	49.93
Ha412HOChr17	52000001	17	50.67
Ha412HOChr17	53000001	17	50.89
Ha412HOChr17	54000001	17	50.89
Ha412HOChr17	55000001	17	50.89
Ha412HOChr17	56000001	17	50.89
Ha412HOChr17	57000001	17	50.89
Ha412HOChr17	58000001	17	50.89
Ha412HOChr17	59000001	17	50.89
Ha412HOChr17	60000001	17	51.05
Ha412HOChr17	61000001	17	51.47
Ha412HOChr17	62000001	17	51.91
Ha412HOChr17	63000001	17	52.35
Ha412HOChr17	64000001	17	52.75
Ha412HOChr17	65000001	17	53
Ha412HOChr17	66000001	17	53.18
Ha412HOChr17	67000001	17	53.35
Ha412HOChr17	68000001	17	53.45
Ha412HOChr17	69000001	17	53.49
Ha412HOChr17	70000001	17	53.5
Ha412HOChr17	71000001	17	53.5
Ha412HOChr17	72000001	17	53.5
Ha412HOChr17	73000001	17	53.52
Ha412HOChr17	74000001	17	53.53
Ha412HOChr17	75000001	17	53.53
Ha412HOChr17	76000001	17	53.53
Ha412HOChr17	77000001	17	53.53
Ha412HOChr17	78000001	17	53.53
Ha412HOChr17	79000001	17	53.53
Ha412HOChr17	80000001	17	53.53
Ha412HOChr17	81000001	17	53.53
Ha412HOChr17	82000001	17	53.53
Ha412HOChr17	83000001	17	53.53
Ha412HOChr17	84000001	17	53.53
Ha412HOChr17	85000001	17	53.53
Ha412HOChr17	86000001	17	53.53
Ha412HOChr17	87000001	17	53.53
Ha412HOChr17	88000001	17	53.53
Ha412HOChr17	89000001	17	53.53
Ha412HOChr17	90000001	17	53.53
Ha412HOChr17	91000001	17	53.53
Ha412HOChr17	92000001	17	53.53
Ha412HOChr17	93000001	17	53.53
Ha412HOChr17	94000001	17	53.53
Ha412HOChr17	95000001	17	53.53
Ha412HOChr17	96000001	17	53.53
Ha412HOChr17	97000001	17	53.53
Ha412HOChr17	98000001	17	53.53
Ha412HOChr17	99000001	17	53.53
Ha412HOChr17	100000001	17	53.53
Ha412HOChr17	101000001	17	53.53
Ha412HOChr17	102000001	17	53.65
Ha412HOChr17	103000001	17	53.85
Ha412HOChr17	104000001	17	53.99
Ha412HOChr17	105000001	17	54.05
Ha412HOChr17	106000001	17	54.06
Ha412HOChr17	107000001	17	54.06
Ha412HOChr17	108000001	17	54.06
Ha412HOChr17	109000001	17	54.06
Ha412HOChr17	110000001	17	54.06
Ha412HOChr17	111000001	17	54.06
Ha412HOChr17	112000001	17	54.06
Ha412HOChr17	113000001	17	54.06
Ha412HOChr17	114000001	17	54.06
Ha412HOChr17	115000001	17	54.06
Ha412HOChr17	116000001	17	54.06
Ha412HOChr17	117000001	17	54.06
Ha412HOChr17	118000001	17	54.06
Ha412HOChr17	119000001	17	54.06
Ha412HOChr17	120000001	17	54.06
Ha412HOChr17	121000001	17	54.06
Ha412HOChr17	122000001	17	54.06
Ha412HOChr17	123000001	17	54.06
Ha412HOChr17	124000001	17	54.06
Ha412HOChr17	125000001	17	54.06
Ha412HOChr17	126000001	17	54.06
Ha412HOChr17	127000001	17	54.06
Ha412HOChr17	128000001	17	54.06
Ha412HOChr17	129000001	17	54.06
Ha412HOChr17	130000001	17	54.06
Ha412HOChr17	131000001	17	54.06
Ha412HOChr17	132000001	17	54.06
Ha412HOChr17	133000001	17	54.06
Ha412HOChr17	134000001	17	54.06
Ha412HOChr17	135000001	17	54.06
Ha412HOChr17	136000001	17	54.06
Ha412HOChr17	137000001	17	54.06
Ha412HOChr17	138000001	17	54.06
Ha412HOChr17	139000001	17	54.06
Ha412HOChr17	140000001	17	54.06
Ha412HOChr17	141000001	17	54.06
Ha412HOChr17	142000001	17	54.06
Ha412HOChr17	143000001	17	54.06
Ha412HOChr17	144000001	17	54.06
Ha412HOChr17	145000001	17	54.06
Ha412HOChr17	146000001	17	54.06
Ha412HOChr17	147000001	17	54.06
Ha412HOChr17	148000001	17	54.06
Ha412HOChr17	149000001	17	54.06
Ha412HOChr17	150000001	17	54.06
Ha412HOChr17	151000001	17	54.06
Ha412HOChr17	152000001	17	54.06
Ha412HOChr17	153000001	17	54.06
Ha412HOChr17	154000001	17	54.06
Ha412HOChr17	155000001	17	54.15
Ha412HOChr17	156000001	17	54.29
Ha412HOChr17	157000001	17	54.44
Ha412HOChr17	158000001	17	54.56
Ha412HOChr17	159000001	17	54.68
Ha412HOChr17	160000001	17	54.84
Ha412HOChr17	161000001	17	54.98
Ha412HOChr17	162000001	17	55.08
Ha412HOChr17	163000001	17	55.19
Ha412HOChr17	164000001	17	55.37
Ha412HOChr17	165000001	17	55.55
Ha412HOChr17	166000001	17	55.65
Ha412HOChr17	167000001	17	55.66
Ha412HOChr17	168000001	17	55.66
Ha412HOChr17	169000001	17	55.66
Ha412HOChr17	170000001	17	55.75
Ha412HOChr17	171000001	17	55.93
Ha412HOChr17	172000001	17	56.11
Ha412HOChr17	173000001	17	56.2
Ha412HOChr17	174000001	17	56.25
Ha412HOChr17	175000001	17	56.31
Ha412HOChr17	176000001	17	56.4
Ha412HOChr17	177000001	17	56.54
Ha412HOChr17	178000001	17	56.65
Ha412HOChr17	179000001	17	56.72
Ha412HOChr17	180000001	17	56.83
Ha412HOChr17	181000001	17	57.01
Ha412HOChr17	182000001	17	57.22
Ha412HOChr17	183000001	17	57.49
Ha412HOChr17	184000001	17	57.84
Ha412HOChr17	185000001	17	58.13
Ha412HOChr17	186000001	17	58.29
Ha412HOChr17	187000001	17	58.44
Ha412HOChr17	188000001	17	58.79
Ha412HOChr17	189000001	17	59.38
Ha412HOChr17	190000001	17	60.01
Ha412HOChr17	191000001	17	60.59
Ha412HOChr17	192000001	17	61.41
Ha412HOChr17	193000001	17	62.51
Ha412HOChr17	194000001	17	63.92
Ha412HOChr17	195000001	17	65.4
Ha412HOChr17	196000001	17	66.88
Ha412HOChr17	197000001	17	68.48
Ha412HOChr17	198000001	17	70.8
Ha412HOChr17	199000001	17	74.18
Ha412HOChr17	200000001	17	78.42
Ha412HOChr17	201000001	17	83.25
Ha412HOChr17	202000001	17	88.13
Ha412HOChr17	203000001	17	92.56
Ha412HOChr17	204000001	17	96.53
Ha412HOChr17	205000001	17	100.33
Ha412HOChr17	205797941	17	103.35
