0.05411266558378813
-0.7219722669732268
-0.22356995350705672
-0.36995447314726077
-0.20250372651926393
-0.4261676048626686
-0.4238452108255403
0.4769729020374107
1.1152680294462984
-0.4352560778721891
1.4888823446402446
-0.4339943009397815
1.713076517363837
-1.3717331077393982
-0.3553617547864489
0.044877907401562486
-0.37269746894330685
0.5662117042709928
NA
0.6101910758698069
1.6581068804772905
1.0355199915332636
0.08761378417151458
0.28562152210785063
2.4941720217877386
0.014704953645051115
-0.49174349782946325
0.23273655522365738
0.13748146701779543
1.0345142207391773
-2.3657765134608404
-2.3746089519876925
-2.0446448454957142
NA
-1.757453179980777
-2.0912574919249596
-2.0163554302582147
-2.0372021869704295
-2.0865212649886318
-1.7449451316223177
1.0069196955024617
0.438552678789215
-0.8529594572862191
-0.4106605262254948
-0.3220069213714281
0.02798104876282043
-1.365277937904655
-0.2894749810263521
0.24023408840392316
0.3344468416086089
-0.8374889712004819
0.484872726528703
0.21924101817465613
0.5983413249606954
0.33309362581413055
-0.24789116022319194
-1.4519200295148957
0.04240922819172856
0.08840011303436945
-0.606601876263024
NA
-0.7105979924780144
0.580456977631412
-1.6893903257006038
-1.5648948977737906
-1.4629468873540628
-1.7866935197017282
-1.7402454688930795
-0.9402233104830647
-0.6783220582712591
-0.8123631251736005
-1.5543252059006314
-1.5869485567634316
-1.6380048597835941
-1.2522665054386704
-1.2434523490153624
-1.923642149676366
-2.060810249926582
-1.9068733224511314
-0.27471766704494327
-0.6029262664314173
-0.07970895938732156
-1.2962641591410298
-1.2771546274307752
-0.6509652570693207
-0.4866232333413076
-0.35230787819710013
-0.5521625621010122
-1.2059464576991823
0.13532364025691723
0.4395401391354099
-0.5662432681851814
-0.3951900401397574
-0.8154170017629493
-1.1466794493944252
-0.8086875153419937
0.01808799313124697
-0.3863027269579238
-0.4994421624930691
-1.1084421038703711
1.8082950413626089
0.852324442233317
3.1162103059036874
-0.1934884102682697
0.0245248808624452
1.4656766013394649
NA
-0.22164985078095492
2.560753657204273
1.0317346607360411
-0.4128549455378093
1.0709412128470917
0.8605717117250014
-0.42386349292908526
-1.4275439481437797
0.25232153500346427
1.1129821996162597
0.3264921424623353
-0.9363465408237711
-1.650896945693882
-0.8380375760285604
0.3027012301263878
-0.24163715021613516
0.6210716201919223
2.1376556967158744
2.140343846201286
0.6427229878705366
1.1323660195683802
-0.5026971989101043
0.8719460145645602
0.5469741411472305
1.5196221853283793
-1.1842402153655867
0.5782077403528095
-1.3015307088018913
-0.6567255369032793
1.2016723970217627
2.0589500221483616
1.0226461877265207
-0.9198337197368578
-0.12712621678296654
NA
1.4124807536619695
0.1399318641240844
2.2992547246478408
-0.1438767619046566
-0.09777615609639999
1.4554909470181343
1.4833231962896256
0.8448635016044875
-0.2155969722572387
0.9993307234601253
1.7950921030033653
-0.5302002852847489
0.9025029775285537
0.16024832645611173
0.0710643705331646
-0.8126557238633579
-0.4529026728223497
-0.9841660895304432
0.42119865418446517
0.11239218519800394
-1.0713567859687625
0.654298422193436
0.42489254611961724
0.3200369726275926
-0.1247855122979469
0.32444403666707283
0.569283862963886
0.24063637971494964
0.2662742380184733
2.78222314457971
-0.6487343018942626
NA
2.230295820539197
1.6756255007026375
0.908482699293744
0.4711943117555603
0.7664869615894758
0.8348241324558621
1.8568277905179562
-1.3881179541014974
0.21869241334657763
1.44002043258805
NA
1.1881585495248705
0.9040573531507184
1.7048475299756969
-0.5449393171626122
0.4482628850409934
-0.6070956064361217
-1.0883085192624855
0.050656497683412904
0.4356999620275527
-0.8921843198451613
-0.3401106822875965
-1.041787311695311
-0.8655955370581858
-0.3291204169998655
-1.3376285380129587
1.6046001803508394
0.46144754129669197
-0.9174930152518378
0.24202615971651792
-0.8578237156360543
-0.6048097766060828
-0.7077818399234419
0.37732900355126664
1.1889997530427063
-0.4400654615670432
0.7755754345989964
-1.306797258462753
2.59498625834422
-1.1850996726426208
0.4193517082168896
0.3625716895698578
0.07697096388417568
1.012204527266868
0.29324703001293023
1.213320988103188
-1.4024912588754244
-0.04278823710630982
-1.222495871337532
-1.2086894534952286
-1.8662586798906213
-1.5315766285658599
-0.1028964205845562
-0.8301925978479028
-1.5754462791990587
-1.0832796936364002
0.07002203553198838
-1.1727196273533218
-1.071210500796057
1.0534409030696368
-2.1860554141648136
0.7050987190752773
0.16620976611775723
0.49939231647533544
0.20002176549878578
-1.1152447187055061
-0.25196908971017196
-0.2682076225552193
-0.5994517880831502
0.9632694868004942
-0.8478209106945181
-0.1279856740600013
0.025695218932781573
0.12599744321262035
0.45162761407929786
NA
0.45541294487652073
-0.28707943023069754
-0.32679802296273724
1.2878756047695405
0.2013566708453728
-0.27583315880464576
-0.06553681444108116
-0.14243213559245388
-0.0032342399948671607
-0.518259123857913
2.6622993763129745
0.6677756771388923
-1.6300684710852122
0.4127319427615494
-0.9853364559451264
-1.6861352892835684
2.114029351656177
-0.08049528825017643
2.3112141965225685
-0.3518507122310924
-0.07336348217384767
-0.2567236270943911
-0.44661207026385713
-0.9457641483857921
-0.4711527472555701
-0.45390844361643595
-1.0435793830079056
-0.19533535623584575
-0.8254929351186647
-1.155639919334785
-0.9541394492909838
1.7470713944690064
0.3971700178137412
0.486719672496279
1.1274835074593472
-0.01011001158852819
0.9089947399147331
-1.2525225115769913
1.5036762228287428
0.3208233014904475
-0.3346064085919588
-0.6512212632076415
0.027853045693659758
-0.9337498302004301
0.24427542533946683
-0.7220088595246631
0.8381522972870766
-0.30211106079831856
-0.005172624824513431
1.2483216076580979
1.6452696692219841
NA
-0.24933581487974102
0.7328029652776079
1.0309666139767308
1.2431281864114159
-0.8486803963158993
0.49867914437100636
-0.39531804320891806
-0.6707879608839039
0.7750085476673728
-0.4126172215030335
0.3926166402572085
-0.0885048337070844
1.133499793431627
1.0292293889747708
0.27647820278769575
1.1646785179822248
0.41927855145836335
-0.5652923437017295
-0.046811291938308526
0.0316932511458639
0.9068551952573994
1.6227588159219886
0.7954164205171246
0.011760826365664438
1.619613528814916
3.885072021866649
-0.8652115278507041
-0.3284438091026263
0.6465814754262852
NA
-0.21623698760304155
-0.36765036121367695
0.6058571402445061
-0.5832681298930842
-1.2928994301027252
0.4229175970828805
-0.05235212984103618
0.07649551581462294
-0.09795900547619506
2.0974616559142825
-1.4948753482160793
-1.8253880595361365
0.27609416523586733
0.4327375243002746
0.23672304584856665
-0.733602575951107
-0.03488841261501704
-0.7214053800416034
-0.5808725790974296
0.6827341509479871
-0.25374290726356813
-1.2124747842924513
-0.6152697475136261
-2.3535427533442466
-1.2128039471892984
NA
-1.4077029338813045
-0.7757532836858909
0.8137030591574349
-0.3278403579639129
-1.261885272828378
0.5043297032393497
1.1247222012154092
1.2859189378363491
-0.4658679154911633
0.871342535081501
1.875150993365356
0.7116453277720913
0.4050881244085785
-0.051346387391296294
-0.06330583092167721
3.0273189486704974
0.8111429410855298
0.7103652687361387
1.9114317003005645
-0.18344904111964422
0.7552040976119877
0.2439645445461642
0.039739360809861304
-0.38451065564532905
0.1877880053821927
1.4247511063299994
-0.9778389227648606
0.709487501011213
-0.7107625597542644
1.803723381702531
-1.6612837598428998
-0.5556370121049324
0.5360570326180258
0.5888139680887121
-0.21901657595052398
-0.4621191489010304
0.4512253227682714
-0.08610928291142984
NA
0.6668613452068767
0.6074480800737608
0.9079889691206464
-0.5842921827907154
-0.40579629622000685
1.207359520097196
0.220045629141056
-0.3028607971097371
3.4857832841620895
1.232211077882211
0.4896455460164671
-0.04035609375921894
0.5936050696800211
-0.03660735551343242
-0.003764534375054306
-0.358543606100612
1.4306576713366637
0.6813992456014
-0.4600710431057684
-0.18001115532281345
-0.6135873688223007
0.853622783372814
1.2666265284019527
0.09598905673235959
-0.8791459487621681
-1.0525398529482652
-0.6831497524140046
1.577663952563472
0.9342485890107748
0.8655274089369069
2.6087012373244516
0.4532368360120976
0.16599032418652582
-1.5252494618002772
0.22871350039165866
-0.6893123519033365
0.7436652274961782
-0.7101408265120066
-0.9573030185016016
0.5827062432543609
0.6190600786037497
-0.8599815423969325
0.42096093014968927
-0.4242658125844581
-0.6961515309455617
1.3982171698536583
-0.6245227877993973
-0.713158110549919
1.4625678500951353
0.7602695157895095
-0.9906212877095327
-0.24341093942518496
0.48500072959786367
-0.2900235858544306
-0.30097728693507164
-0.29101107454497194
-0.10121404189323076
0.4646842672658363
0.7850113242645625
1.0014885502210036
1.0594389069383716
0.15693844372844215
0.42136322146071575
-0.9173832942862221
0.9516940524775953
0.8821316688858913
-0.6540556978657589
-0.28272721250185173
0.8812904937124021
1.089081566314696
-0.3232869804073807
0.015655878128502984
-0.8277787649487033
0.8916772795170733
-0.42909347838285716
0.45164589618284284
0.10802168536561266
-0.6926405167345516
-1.1490201538794451
-0.1122225892845062
-0.10574913734621853
-0.24103367073307536
-0.27652804880542936
-2.1791979246746975
NA
-1.4131340791627631
-0.7140541603783895
0.6508971289480415
-0.5662066756337452
NA
-0.5160281403385085
-0.42951405179742863
0.9587709555545963
0.35807318666830634
0.6436190376990076
0.47362645510265117
-0.025507369260086264
-0.47075042760019675
-0.0695415871695354
-0.5411905789168263
0.9703098256704058
0.5055549159646674
1.02579150317794
0.6842702444666073
-0.4717013520836486
1.2839988351102474
2.7633147443527952
2.1269031554629203
0.21070114999321463
-0.44542345008997525
-0.7452877312396221
-0.9907858549857831
0.9519683407194611
-0.4665628054919474
0.529089822162294
0.22399552721452892
0.4205768925978609
-0.5287739410760912
0.07472169826122677
0.5630481067160278
-0.14972848060068636
-0.412964666503425
NA
0.7938803553428512
-0.7307315770859002
-0.2449287224959139
0.9502493978210462
-0.21534096611891737
2.3986974633062985
-0.37434328342754286
0.39069653753110667
0.02097727409999873
0.16405193935687953
-0.7033199012289799
0.6986252387926428
-0.0698158754114012
0.4728949725504307
-0.4537255658922945
1.134670131501964
0.4736630193097406
-0.8762749215526144
0.44952466197340096
-0.09682525995729502
-0.46146082310733616
0.33656807581805076
-1.0266093959549842
-0.6432483103021699
0.4126222217959337
0.12025544548220626
-0.2911939239247675
-1.3048771557366512
0.19129901959320234
0.02042866927192023
-0.3125344391544261
0.39519504043265813
-0.71983275066024
-1.4990446882207835
2.000981354983103
-0.16168795247541368
0.06043983234937066
-1.2883643346497375
-0.4096365016722105
-0.8385130240981129
-0.3474802123987016
0.5495160054599372
-0.3315891245540458
0.37153213116587125
0.39656653833068145
0.38259555321212796
-0.47592556674333375
0.14695392089045106
-0.5075980214670291
0.38318072224729643
0.5956348933717387
-0.6019753419479654
-0.8026712010253668
-0.02408099670708165
1.1356393380889602
-1.6530547724547602
-0.5668284372203499
1.0881123597276996
0.1729026599872768
0.6405834432132034
-0.5088780805029817
-0.8476014971076334
-0.7795751786902032
-0.9917550615727796
-0.6067298793321846
-0.8792556413834371
-1.2915462143082468
0.5226712165346408
-0.5319923849416901
-1.1158298877406747
-0.45595654941169844
-1.027852890783847
-0.5457988027839934
-1.0319307919264804
-1.1675262344509865
-0.7974229334680503
-1.8495812631831108
-0.5397093600531873
-1.21225534236122
0.20053377777542847
0.6927003633380867
-0.9573578931565829
-0.3474802123987016
-1.1597909772359445
-0.7593501552202465
-0.7708524611289663
-0.21093387373509026
0.6515188621903
-0.470439575151241
0.14046218684861791
0.7027031682796228
-0.4989484323199719
3.3999274930703574
-1.1997838582098501
