-0.32877823282556357
-1.5980007523716673
-0.7542749533319099
-1.8355866750793457
-0.5182226539481408
-0.6875606074353093
NA
1.5896492589331417
-0.6191522368898513
-1.1536840342458499
0.44965599985793103
0.24613008965999894
0.3145272973837347
-1.4416202795885873
0.6248037170970548
-1.024435548062108
0.8306350908077509
-1.3213510944260305
-1.730205696944329
0.1129549152472232
-1.2121755850497766
NA
0.03882914565015719
-0.45652889492199966
0.2831548042003175
-0.034230862137420215
-1.8534255848319847
-1.0672812376125205
-0.9781313531313524
NA
-0.2563793407622422
-0.8920737805523696
0.04335994112370545
-0.9471683142334444
-1.2894035700239463
-0.7838200835026831
0.9853505499921416
0.7314186436342778
1.5127133632654477
0.020690002184971933
1.417707195989994
0.16093481286661823
0.5341243547403232
-0.2272266660578676
0.20542861406944146
0.21000491850884936
-0.8229351282626085
-1.632825715285497
-0.5480560126886584
-0.14974181568371878
1.33366694695723
1.9982328939662766
0.8264422527448391
1.6765781849074377
0.6822646898312058
-0.21428163114982704
1.253030365012762
1.3800823554422426
0.8757825875122401
1.5052652117668506
-0.1258981537093376
-0.7062546975459677
1.0315350715351794
-0.3981560546843584
-1.2756776668517416
-1.267379533049478
0.4586916253421591
0.38918968575917545
-0.2101580666121758
-1.1437224628004679
0.04542155209301262
-0.8818425517677955
-0.8197728706322247
-0.2823927722218794
-1.6163895867404483
-1.0029472332016376
0.23208392136397266
-1.031596548405864
1.548769980349314
-1.425509064881878
NA
-1.9388462138208291
-1.6191701606907034
-1.437218174945682
-0.4086522141227905
-1.0144912967701036
-2.1929782499967847
-0.16807926610384555
-0.8849099862543974
-1.3357874310445408
-0.721200393873276
-0.9346428367383743
-1.0261489626350777
-1.5570922406389835
-3.5751841939689615
-0.9413495602102104
-1.5847712125910014
-0.9848442327534692
-1.5249736340916322
-1.7717979489328395
3.352088681394623
0.14184093212604323
1.1174284352144008
2.730532169736364
-0.2748591966068713
1.0617844175704274
0.48181682405763626
1.8737078124346276
1.561643048194838
0.7258786045599451
-0.49717676085153906
0.015009818839778609
1.2564956975649466
0.7084175496478536
-0.364987539211919
1.2498877182238002
-2.5369525337730816
0.852733346547371
-0.5238858408369758
1.598631524026685
-0.2588883258235635
-1.7568589923555507
-0.7951249373353307
-0.9806364219312693
-1.2272992792973938
NA
-0.22760310088447702
-1.1505988153251046
-2.0758485738885617
-0.9443561845491396
-0.6186736803785985
0.21345932333313306
-0.052451870233160905
0.5460824716910256
1.074168174839069
0.34968067691571203
-0.28569287516544833
NA
-0.21303767058611053
0.8033119906518715
-1.4017520615618158
NA
1.014726922965595
-0.46146763960804815
0.0984084247687178
-0.805724417555036
-0.64244666062754
1.6281232406448538
0.9070344988298042
1.2037539155147345
1.7017308906301625
0.4544039605913382
0.5439175517542052
-0.27399845787482296
0.0523747176844742
1.5006256245598233
0.49368846664867355
0.6663225264844379
2.111648926465875
0.31065139887123333
1.137786797019627
0.2261776344681866
-0.4805458588471329
-0.2443656459781222
0.13054465980858163
-0.39851968339524285
0.0915369194297654
-0.7246360467164806
-0.6511197052813867
0.9099600595110989
0.14862326011706783
0.9600915121607475
-1.0320594316018656
NA
-1.009411753330899
-0.2448817820595952
-1.5464075926614578
-0.6128436241312747
-0.4168992356928764
-1.9715394392866272
1.5399612204031918
-1.1059210856945065
-0.9719874702593483
-0.4428122194776481
NA
-0.24348728702319286
-0.519540028759961
-0.4534481167935983
-1.3872967721283085
-0.48665765554726725
-0.06130987465602043
0.06396730745307773
-1.0972109730062445
NA
0.2456484095906311
-0.1784687898199781
0.27347745173456983
-1.0454627328885429
0.6665445424741084
-0.6400899714705044
0.01739675712902067
0.5859450651867125
0.12392115836831168
0.5597807720132406
-0.5101739842252835
-0.4262171946806613
0.044271105708481695
1.541683709125136
-0.20979021211937735
-0.5002425130587326
0.999883961457069
-0.42397650010651156
0.1471688019795769
0.6660383027792982
-0.21937632455471923
0.7162280267996193
0.4500611716554793
-0.38700025978578556
0.044190118840286535
0.49883013983253205
0.781814504769597
1.1498297568497537
1.013829156365913
0.2683143613854013
1.0817129760809575e-4
1.5827590807653018
0.07181156959538576
0.8052224445633464
-0.0799836852664462
0.11552907091499465
-0.7537297022391816
1.7086287371095485
-0.2475561833869391
0.10114309399215664
-1.684359129267799
-0.1748839599050993
-0.2240140002953961
0.669611700518729
-0.19274612622546367
0.9639878496592386
-1.8617896004290442
-1.1770856725800736
-0.9788904982538241
-0.8394779504173805
-0.6332909494553756
-0.29555115181983016
-0.41543860250308945
-1.0112901943158155
-1.4639222919705883
NA
0.13044407273134834
-1.0484302383243385
NA
0.2296913372788775
-1.5796910595617852
-1.217141435226523
-1.657187089296921
-1.375872798973283
NA
-1.4165048025674143
-0.9403565097301112
0.8166137633046515
0.23404293573548823
1.043180468810505
NA
NA
-0.23095825240501847
-2.2182900150013336
0.6937577274079423
1.1604510901625082
-1.5402189131933164
NA
1.0646186756083889
-0.7090829411987672
1.143785371826322
-0.00700455447909731
1.21595396881704
1.6490394080254465
0.859518802822015
-0.8118661066118268
1.9396536153627602
0.601504590301552
0.7020725197930309
1.0866825544880965
2.1342539865980275
-0.29864154162328044
2.2611974499222507
1.1873880292232584
1.3423532383800445
1.5204029832907562
-0.01739665123213447
NA
1.5179870965642714
1.3348749452544562
0.9543951486900047
-0.48601080848221023
1.737984222174135
0.9032244230433005
1.0555946949472865
1.8296567283396694
0.8277987736314396
NA
2.263615037830159
1.2109287863939817
0.4507607671584594
1.2153715646308232
-0.6210309543167489
0.055503805821206745
0.6529253364557535
1.1076900481395417
1.2464177475894818
-0.3929775532854091
0.317529855426508
-0.4713645555269121
1.1639216751123413
1.1208724923663944
0.42270527059525737
0.4959930996541165
0.1617844100417119
0.1632043176570201
1.0102250463948883
1.2167668866304173
1.0060947692788667
1.9963079079487573
0.7517389096079765
-0.5250486597722424
-0.19452227658897076
0.9604847083498919
1.416397859260405
0.6883314820130266
1.387111016866301
NA
0.6542622394126767
2.889570310837275
2.5825926472988945
3.209417830059864
0.4658958888560202
1.8700373422115306
1.152747518086767
NA
-0.9550340431588549
0.9387467722870102
-0.39660499897635065
0.8781999852186143
1.8705658791967634
0.4328411115383271
-1.1636562806046722
-0.3824716534019451
-0.11580348962637514
-0.7920104675450906
0.5248607461363022
-0.2931795655115687
-0.5243228743449562
-0.8920652675569903
0.10866286050322582
-2.334159192463366
0.14441982393015526
0.053910414323245844
-0.28841511513210355
-0.520517261796939
-0.7364597644277596
-0.7451454509860679
-3.1592720583788028
-0.36215465747698566
1.9383243358250961
-0.1308891790084164
1.039793344530188
-2.5194499310488223
-0.48735269330167913
-0.7574652190242488
0.47061885403624554
-0.7518287276886443
-0.9275780500179381
-0.4394816453031872
0.1531511647635703
0.6718688646555464
1.6202228158880145
-0.11459985769480675
0.37192370555731785
0.9484908039763453
0.3787046052647707
-0.39782890922677555
0.5028174468263281
0.41215163485219425
0.5659115900481777
1.4626379787202528
-0.4650553060066769
0.18853835278034323
-1.4604586003496525
1.2211691672983447
0.5330293656888584
-0.5835327738143159
-1.0604094062137943
-0.5834880799978891
0.5133810179414617
0.8140094246617292
1.868167461477033
1.3599833056666706
-0.2623726572644082
0.16471176641451094
0.5583620599504339
-0.09878886606825904
0.3757265548668961
NA
-0.29399890764757647
0.3193161998834267
NA
NA
0.3572049326555406
0.8030830636126637
0.6809719266253718
-0.1303448139476789
1.1701052557617135
0.270693801481239
-0.4588883626753632
0.2059820615487839
0.6309753481282948
1.3269228707393634
0.8860670845401715
1.0140157440710404
0.32579923808131983
-2.2195637627792437
-0.5115491058768366
1.2521920724245106
0.207758470633632
0.18069344796949732
0.1746207973441445
-0.3885759731734425
-1.7253283152899177
0.09110383289896555
0.2963221020056108
0.5830622431445831
-0.26689603724087185
-0.10265797993845278
-0.18160501346768676
0.8003345982804219
-1.385101293538774
0.16185931991181784
-0.09430161965780465
0.26385689391950856
-0.9053077469488675
-0.738565172549118
-1.6338485199012631
0.10475736261531336
0.18615978099585714
0.22849478651498836
-0.9223387620988348
-0.1825562751349159
-1.7013955326736545
-0.09484649507296873
0.9201772606371758
-0.4371237192454902
0.8647980921321166
-0.6377490950310856
0.6947290051285586
0.7272212466414238
1.2622444940462223
0.8015996074201396
0.08517291313242602
0.48583063049624803
-0.25615565430692316
1.8866294017547844
-0.4540138245929576
-0.9199787367360054
-0.4713195864498791
-0.8858687980955746
0.8129300793911154
0.37032513608839546
-0.5342587236909238
0.1443994085716842
NA
NA
NA
NA
NA
NA
NA
NA
NA
NA
NA
NA
NA
NA
NA
NA
NA
NA
NA
NA
1.4248310396961346
1.476308574594142
0.7916721623829596
-0.1881242443003883
-0.17518766331892682
0.4784713243789265
0.17774357693309473
0.574596418927517
0.4145815078890153
-0.3080283795567453
0.7482310805987047
1.3016502624419801
0.5749358046217252
NA
-0.5246329264733498
0.09615033797725403
-0.3652959799434632
0.2645687804582806
0.2533978958441965
-0.3802912598024175
-0.6810987513089047
-0.7462491621364604
1.0590587173534995
0.12945085449585847
0.24266977441164067
-1.1211461798060378
0.48994984402613057
0.29535044624467804
-0.3165889005103615
0.9818041844980977
-1.0495131348111761
0.5185913597860756
-0.7339688567818272
0.09325659056997503
-0.08465238748473083
-0.33568802301620243
-0.49180933971125956
0.38602024063727186
0.392837689755082
-1.1083395336441362
-1.2243976863721702
-0.5937468407498929
-0.47989002623630167
-1.5692667289648794
-0.6062025816203153
-0.340900696897018
-2.601558861888763
-0.41718917135092387
-0.21222805944412704
-1.7387341234564437
0.1335043917903676
-0.23645325624526364
-0.5027543960353561
0.4674519535982225
0.5369706498182388
-0.6063022602194131
0.49456135583277205
-0.0866031026899211
1.3097266980447146
0.7142156284098994
-0.07368564818572673
-0.8180130799634175
-0.09437071243253851
0.4143061421410439
2.3252411561936858e-4
-0.6416645129331805
1.123355866377644
0.25174357724233865
0.550776427002457
0.6278761936963798
-0.2745957603936396
-0.4077174338319878
1.5149218263584816
1.450500167393321
-0.33542774580236623
-0.3870446393562004
-0.051488834972821904
-0.32403097855499774
0.25911802151158786
-0.7994268731081028
-1.3876599495535655
0.5945086140069891
0.5694960147510922
-0.5740802159345666
0.06160605227784239
-0.9015268298845313
-1.0257448351739045
0.7310300016495724
-0.6318409687328842
-1.6119214538121247
0.22105038706653304
-1.1605915703711014
0.09807316089533628
-0.21623860292225705
-0.19344664910859546
-0.44416173480463267
-1.6297046935840196
-0.6571386032992255
-1.8894184595929715
-1.4279431164455738
0.9145399647845233
-1.5381969078540507
0.47931959486878456
-0.8550240775471247
-0.6485276458604965
-1.8281281274720422
-1.204436667385811
-1.4061289887196367
1.1473793113314545
-0.5141172093554145
-1.4398241533384777
-0.02256005110181258
0.35943972625662346
1.3648407421502533
-0.8138502547575148
0.8306322472357444
-0.9984081503755238
-0.7469436954433262
0.07049538324781063
-0.8733203688277834
1.20686701727158
0.3253833441152921
-0.12587718310415075
-0.08004046574062068
