0.04900821339837513
-0.09113319422330571
-0.07263903275806514
-0.07100468631413048
0.0032436035735301425
0.11593436847923547
0.09061669977186543
-0.13614331675713848
0.03727447552097711
-0.0950691380382261
-0.029223203716934206
-0.0716483636166781
-0.07848361972243299
-0.0986608209185106
-0.05241370214976397
-0.06906196234939453
-0.11935813186107186
-1.992485198693483e-4
NA
-0.06934174398947093
-0.08550820998312864
-0.09791665441214822
-0.05973178056660361
-0.10434120611748324
0.016640313575735866
-0.13643927056512545
-0.07856163821764488
-0.010609931990708735
-0.18688572005110174
-0.15224147522366044
0.00686611268937913
-0.06600693093638348
-0.030859261030833918
NA
-0.0015991478855964263
-0.04741143173915085
0.3985372800011874
0.13919025806011684
-0.09814128435925183
-0.03350756915696975
-0.07579972804645353
-0.04381706389655798
3.6686939599920036e-4
0.048988286877422356
-0.06683275310812556
-0.05655373290026983
-0.032095438537718624
-0.06571825271040516
-0.13194306937493439
-0.061318878720404056
-0.1055983339045777
-0.13977049052743087
-0.16155871008374387
-0.15847375311360495
-0.10805967450420675
-0.14491255933106012
-0.15694181301635068
-0.12938293817993637
-0.18783297611934052
-0.15942114188562853
NA
0.12192706869879556
-0.12652893810085958
0.09492316823013403
0.1773425279050076
0.10172042604278884
0.04741903482173052
-0.039829346049208965
0.13105740556605128
0.3962148264067096
0.05370865362907467
-0.1387841569971845
0.05313266487975183
-0.08340064680920298
0.13850223860271813
0.053909463324406943
-0.06688048782359507
-0.05201556347848947
-0.019027239626213156
-0.03363569892946773
-0.08727900013048279
-0.056026145179104446
0.09407828374173616
0.018338675239005866
-0.07631738735158664
-0.08345703070726088
-0.10954524153547023
0.008674639292073173
0.021402295147845286
-0.07172536875164304
-0.05388736107286012
-0.1227845522769372
8.494598246810547e-4
-0.03694215139883363
-0.021954625829552234
-0.07216958419472673
-0.08765809060912995
-0.05960208644153579
-0.08953855616639071
-0.023870358310082346
-0.07902536158272501
-0.12784614826377638
-0.12634374833944212
-0.16227424547691455
-0.0014523331097770677
-0.05574485537215415
NA
-0.049342496240705774
0.030733505035748038
-0.01930346294234705
-0.11904194204517665
-0.13315487113666077
-0.05428470414226205
-0.11679282226949271
-0.0028142790378353983
-0.10561392729773549
-0.07256715790485878
-0.04259192129141553
-0.11285627732970845
0.13866721439592017
-0.047834528965773115
-0.00461613894383989
-0.191480647114465
-0.10194475254673263
-0.13150545916573458
-0.13752022717106094
-0.07388968335878733
-0.00452588019297589
-0.08341919181391165
0.03907441673202488
-0.011723367809177574
-0.10025183779179553
-0.10129936685756567
-0.06874522930163156
0.3585828952417325
0.09511139698582852
-0.15808536980021068
-0.06327839848323469
-0.04699104260099354
-0.03474026873822835
-0.07089203740818914
NA
-0.1352523182467461
-0.09773693096020178
-0.12512689359009152
-0.06146080037397742
0.01336689457061753
-0.07453360014898408
-0.015815898830799074
0.9010730987171037
0.09025292268915053
0.001028882170963697
-0.016881669312268366
-0.13793981248126308
0.004911641413108713
-0.13161447322964456
-0.006628438804518113
-0.12407610063205109
0.057588025742920046
-0.08716436159902369
-0.1281136444823511
-0.038317339146899006
0.029732130656757925
-0.007612806301030675
-0.030518594894280212
-0.10415027796503361
-0.09713807013153034
0.14447143737000864
-0.019283017246937848
-0.023570495871202655
-0.00330018069756452
-0.1586056664184569
-0.13687890423542792
NA
-0.057481828714907535
-0.1770951171321499
-0.221742217985982
-0.20092618309789834
-0.10778232856061601
-0.2221079673107949
-0.003889936804924159
0.21893903974083362
-0.10722471517244991
-0.08637911931342618
NA
-0.020769015759513416
-0.11985892273024916
-0.15488716419614848
-0.1248552681884858
-0.1486908983883867
-0.04313150621077452
-0.18524144798489864
-0.17132848673456091
-0.047120290189466105
-0.0073264319990078396
-0.08520028924272355
-0.1258057003006414
-0.1263723451514216
-0.12413858611044702
0.299678114646485
-0.08566940069188574
-0.07252897662022381
-0.017221649269368634
0.08601570962002227
0.14698440129402537
0.41933902742552326
-0.04955169297044803
0.02326205969071901
-0.003174790365770833
-0.05016937352394405
-0.04407805250777587
0.07110591540910835
-0.10174941148900798
-0.008790452126261719
-0.042605534371601875
-0.01218026880283585
-0.03550853254461461
-0.1507763871025547
-0.08881060497607011
0.22440543271434518
-0.08026021903617121
-0.06841376628896226
-0.04511947207754363
0.35329821394880323
-0.045511263782884975
0.08035149332956895
0.030014809429989336
0.013572804126723749
-0.03271613697705346
-0.18245284712474702
NA
0.6906575820273863
0.03340818737947899
-0.03314184963230507
-0.04033458940198304
0.08726909779893946
-0.01887471703555528
0.013366174245160966
0.23011541675527952
0.08343171859493105
-0.13086824399427605
0.17755380909303076
-0.11271693618271582
-0.1542642633396129
0.037190836438443856
-0.013703943860036715
-0.08034030972814468
-0.032937496513104333
-0.10528641016614404
NA
-0.024887779758444327
0.01262190017888883
-0.020788015682108987
-0.1650899315675715
7.037141291772851e-4
-0.08923356375617074
-0.015485247872167396
-0.03425701075518572
-0.09258127701402503
-0.031496312767104864
0.0011216984574608092
-0.06376404063334014
1.2101256971749976
-0.09109744630701985
-0.05899780834947055
0.1200198485064233
-0.005112760896455316
-0.08223643510806017
-0.10721077118645161
-0.14679000032849066
-0.004028201731982377
-0.1028156016558974
0.009881813339123132
-0.04824323473854717
0.04666752583823524
0.002057976740907968
-0.22280096432419286
0.14233905470809338
0.13778081271359235
-0.06563122122246265
-0.23200076797538996
-0.04900909109650487
-0.11167263531112175
-0.07803142218549441
0.26022074948537277
-0.11251751560887382
0.5408445287115609
-0.297297737966937
0.027787916839822506
0.15076383178177857
0.02645546374590713
-0.19616931271682758
0.14020106806623076
-0.16551681822449377
0.06336058202414013
-0.16784929475734883
0.11245187861895907
0.004118736609203598
-0.18610388382931467
-0.025246876200178056
NA
NA
0.04258475126095762
-0.07845262213601652
-0.12690725346523615
-0.10470961883053893
0.05815174691978834
-0.07249771021163735
-0.1133464172844694
-0.022223744448902148
-0.11450768730744405
0.04281380621964641
0.16954890400076464
-0.07514961794733768
-0.10470023349116524
0.10354153048093842
0.04877873627092062
-0.041126416899489926
0.033115421876928106
-0.07762104605233171
0.0030918540794245587
-0.07262770280381418
-0.1494176313424417
-0.06828635016792937
-0.14861821489574295
-0.06524242241429412
-0.06697128220108055
-0.045656860632856976
0.05418450037735089
0.025819792128998396
-0.14193050692882886
NA
-0.12042807917476737
-0.08315028226122628
-0.06873421550832758
0.012424717409923545
-0.15090919379101528
-0.07569723695560178
-0.0247949108560606
7.934414440655444e-4
-0.04263890836462593
-0.022257902558324934
0.20146222056731156
-0.04217777357699991
-0.024981141294527512
-0.0017339719820046282
0.029781425223733185
-0.03470088349656548
-0.10777006704131645
-0.03805484997405344
-0.08489382420851477
-0.12445288454818806
-0.08237633687034034
-0.13495694926666696
-0.04700621025557618
0.175445264842352
-0.07297114997711229
NA
-0.09789652984437738
-7.276380867589504e-5
-0.17274635031252558
0.02370931583537991
-0.15390403682038525
-0.011059450773703164
-0.027901662909568095
0.012753203822376095
-0.09846535771122025
-0.09989825530872805
-0.1296864280108103
0.014771958674524537
-0.22313741016997093
-0.16584640196531905
-0.22322165130862273
-0.24789473784436258
-0.1387540034378813
-0.1347294561772024
-0.1454637489247861
-0.08330414911794301
-0.1771659345457235
-0.1721460087889919
-0.2388748029208343
-0.19066745430760138
-0.17812419695722917
-0.1714897989720473
-0.22362863006968484
-0.18298469673272819
-0.13946502115963103
-0.21413679443416736
-0.17779484727173434
-0.1738764999786816
-0.09702880835388869
-0.15235074414092095
-0.20049313184574138
-0.10779852214738303
-0.07690791950447158
-0.173663587077337
NA
-0.04194661957037435
-0.1087055608979467
-0.11771005996555876
-0.0963540774344376
-0.1523327465587258
-0.2465244182298773
-0.1880168616586482
-0.13871422474113704
-0.2633642079085933
-0.15372531213902985
-0.1792257366186318
-0.19749799236698076
-0.19651064671816032
-0.017222214385720146
-0.07526412330938459
-0.11264231692211382
-0.1361256395265362
-0.10642871736149921
8.707632056047451e-4
-0.12541742020130192
-0.08761042170232103
-0.06190418762127654
-0.1320695703830839
-0.013576132266204128
0.3726265607179937
0.014719149862992506
-0.023307756190861527
-0.1092595461180729
-0.0461574751844909
-0.05894364704579708
-0.21552693409615936
0.08816058320029443
-0.00788116020512
-0.05071759831334518
0.0054783635580232855
0.42657738858349614
0.029002397510702122
0.11672486226490258
-0.0453488298491964
-0.09521524118029882
-0.004217410788384413
-0.06555085053326365
-0.09421903262595231
0.2711311445012729
-0.02812249256173436
-0.1872568731361163
0.028677234280397982
0.053506504634374924
-0.19549652175598062
0.012247480252630998
0.06437897896172744
-0.04955566120163699
-0.03890919507824101
-0.013252640793170583
-0.018750384919439866
-0.04943953793987898
24.1890512870002
-0.03546842092434002
-0.12041732225253228
-0.03576053936013193
0.09864599659582772
0.06730230256674163
-0.10013896134930615
0.009263265166729845
-0.058843704022823067
-0.04147205081386921
-0.012848038128297806
0.012932031872995487
0.042784786462855606
-0.13687745939386894
-0.08821746577584752
-0.02922975385158581
0.006333905479619947
-0.12875260063434107
-0.1324810887000507
-0.18373130886895891
-0.150420416882615
-0.14377156101408792
-0.1500149788823388
-0.18077372673423095
-0.1591041811461085
-0.08849052236061095
-0.12571630156342856
0.21442731267344545
NA
-0.210450518278342
-0.03659421883760844
-0.10773383176844069
-0.12127276778927472
NA
-0.1973151015628274
-0.06186466858936506
-0.13740637415288257
-0.048955863220389195
-0.10814154311647864
-0.055437061903215214
-0.011047047238072528
0.06688079173238208
-0.07856224570608204
-0.09080192134179012
-0.1107590957824019
-0.10103863496220755
-0.08469554457680405
-0.08235767111294792
-0.018105818734347592
-0.17999553606390348
0.013540286267123168
-0.11100751928531077
-0.09560075778152272
-0.166989846377787
-0.06138498181262068
-0.02084801222729618
-0.08230460465430152
-0.17169513565134675
0.00977253045304321
-0.018032524028248186
-0.07261933299761486
0.07097989415230262
-0.1486537362067355
-0.04580030054189597
-0.05391364728689262
0.004596403184236542
NA
-0.17977162147556508
-0.08939181558052359
-0.1458517279184617
-0.03810090082594214
0.04550215829488705
0.061233598000525954
0.014302748667580596
-0.07989511615728088
0.0072712574996559014
0.010411149335647898
-0.1595493913243465
-0.15258951130935866
-0.06965240230807107
-0.053684591862576535
-0.09899997438712636
-0.10527674948581796
-0.11819544617585002
-0.035687178379744645
-0.01356101753792634
-0.10381642969883778
-0.052964502168636164
-0.04382841806342934
0.05249966813655958
-0.00899273692892843
-0.19305521508200504
-0.02235686512538229
-0.12952449664420385
-0.07015926635432009
-0.09190904154656508
0.033346188481627424
-0.12586591475941208
-0.05235711508298751
-0.008048949784187695
0.3356621115864252
-0.09832928076691608
-0.09522911858159107
-0.11411107713543618
-0.12435529309836474
-0.0978960291398045
-0.15287735513118825
0.026905175143400937
-0.036824038821976046
-0.036193191880097994
-0.008684664394018557
0.12432107974385992
0.11382842646441205
0.25700596491033567
0.06976114755917044
0.04274654852689729
-0.05023410425725374
-0.022968079822770784
-0.019203844927239005
-1.4057885732128876e-4
0.07005761091864936
-0.052200287612591795
0.06327593796265157
0.035769930451601865
0.005552805104199949
0.026039532834083525
-0.10030208704997602
0.07683841516928612
0.2617030439326561
0.010729102792603955
0.020114673272671073
0.03338489064801899
0.11742037956374843
0.020426636279008353
0.030662462724181213
-0.030515180138759854
-0.04037441078123114
-0.13254441044510462
-0.11910898228996956
-0.08561151654261835
-0.035393711952875336
0.2040065714973892
0.06561732163562768
0.34852580480817974
7.781977370214251e-4
-0.04389397854461462
-0.08179287650990907
-0.022291052274192154
-0.009361896508197649
-0.0426732902855782
-0.041289472135226116
-0.07437629277203552
-0.004732532269440713
-0.08105308239924532
-0.21213464649063274
0.04073179434464081
-0.05263680282155541
-0.12246742841264767
-0.15069876889162478
-0.14653386432994242
-0.10282653117065732
