-0.1379214891913084
1.104177902933522
1.8011734839951983
1.8011734839951983
0.22914329964323416
-0.18875020170104223
-0.0031140728609875042
0.2291041464262849
0.21749924180117466
0.10482799766308769
-0.03937800798946314
0.2160137302901279
0.7902662634503738
1.8011734839951983
0.691552222736183
0.5802022714048639
0.7374163762671102
0.6432759615862216
-0.060004069155230835
-0.010962454064110507
1.8011734839951983
NA
1.0053626599460526
1.8011734839951983
1.8011734839951983
1.8011734839951983
1.8011734839951983
0.8812242857017949
1.8011734839951983
NA
NA
0.8795738896820401
0.4268230590624497
0.7473250187802689
0.31755648812085546
0.3697812946067586
0.07565995940454834
0.3003300713698898
0.5501929735837106
0.1413862927628225
-0.20641078168746801
-0.03567150997910815
-0.037644734984226866
-0.1628235383114278
-0.11430857060751674
1.1615949382646389
0.9798822656830245
0.27386296277538935
-0.22526693102189532
-0.3233280643300708
-0.4937329377219807
0.7935442223144495
0.029619684936041536
-0.23216132805599946
-0.029101720019844367
-0.26800095385457107
-0.08334592308980115
-0.24704841352856757
-0.28503654322305916
1.8011734839951983
0.6727916829178268
0.22056699054088164
0.8579471283752852
-0.04441130540086691
0.05368013375833898
1.8011734839951983
1.8011734839951983
0.8303592555186823
1.8011734839951983
0.4434049379607279
0.7436854301985785
-0.02233474620404968
1.8011734839951983
0.5598913589745412
0.07841804250411241
-0.01532059445206498
-0.44123644778038656
1.8011734839951983
0.1347128448868846
1.8011734839951983
0.27495347993391156
-0.024773337173390052
-0.25837520772699446
0.023482421116640707
-0.10640076440081586
0.8214456342263767
0.18961960952708398
-0.20223845164979046
0.16371317092613846
-0.2564753152050365
0.4034905342228852
0.6211624071621058
1.8011734839951983
-0.054638496168557885
1.8011734839951983
1.8011734839951983
0.27136357211214884
1.8011734839951983
1.8011734839951983
0.28423622320191144
1.8011734839951983
0.5171402602164981
1.8011734839951983
1.8011734839951983
0.36450507257451986
1.8011734839951983
0.13262245788466331
0.8126413184389061
0.9448814947181275
1.8011734839951983
0.4726329730313555
0.5683854216473715
0.5800609407069718
0.6829673012577105
0.6707488226023796
NA
0.18896877003129642
-0.07334181205444999
1.8011734839951983
0.1532238764535475
-0.1218114658921912
-0.3978367380131465
-0.009790219203113272
-0.021808588378920937
-0.31084628352186644
-0.2597679570150301
-0.18254926739570135
-0.1539382607053344
0.25106962202879113
-0.725693862762232
0.2145560259052535
1.8011734839951983
0.12444430374762709
1.8011734839951983
0.0568200752806832
NA
0.5046868074285196
NA
0.6826238323350335
0.2988544255138892
1.8011734839951983
0.22562424124575994
1.8011734839951983
0.3680051320467748
0.38769969365075607
0.8531163020908812
0.5969132693644983
1.8052322121312228
-0.016132511621822637
1.8011734839951983
1.8011734839951983
1.8011734839951983
0.5208893187958827
0.7660992350049058
1.8011734839951983
1.8011734839951983
1.8011734839951983
0.055691579854205114
0.5260178379901895
1.8011734839951983
0.7956482896394477
1.8011734839951983
0.4227137924537319
0.607029411786348
0.3838311114267929
0.345988123181428
0.5598941396871584
1.8011734839951983
0.21801498957822352
0.11845306650559423
0.43940481628048284
1.8011734839951983
1.8011734839951983
NA
1.8011734839951983
1.8011734839951983
-0.23135132996959695
0.852320806791551
1.8011734839951983
0.04856118256533267
1.8011734839951983
0.7222037124285339
1.8011734839951983
1.8011734839951983
1.8011734839951983
1.8011734839951983
0.6261513150005475
1.8011734839951983
1.8011734839951983
1.8011734839951983
1.8011734839951983
1.8011734839951983
0.44058252248729163
NA
0.548847022514073
-0.06585325898048601
1.8011734839951983
1.8011734839951983
0.8222770829648978
-0.0780635952392946
-0.0897340463522375
0.24427471184243596
1.8011734839951983
0.07413122935303658
-0.020913629730822256
0.13992664579561243
-0.40592360252991005
-0.030999192146876332
0.19262119688898563
-0.08164731107986324
0.8697636726460389
1.8011734839951983
-0.42203265062136314
0.011705237637157771
0.3650503272372842
-0.4662705337518619
0.3730249606262202
-0.37277464517417047
0.34818157670933
0.7003127560076713
0.4311093043215117
-0.03211677621370437
0.6877391764346307
-0.3202144612476565
-0.47089371913369577
NA
-0.3085800262378509
-0.3245184756519922
0.1610155546182601
0.5517877475181286
0.9360418364649427
0.033239792863425315
1.0196695046913367
1.8011734839951983
1.8011734839951983
1.8011734839951983
0.34405358533015806
0.5889874433567388
0.12083844011853741
0.04510453354187895
-0.6801289452408859
-0.521012609708185
-0.05156603588338805
-0.5259605196597583
0.0822532483436758
-0.9458274418339855
-0.0841467056596003
0.3879643626609579
-0.734483632681167
NA
-0.3202702243268724
-1.137533780154401
-0.780169710942689
-1.1548221206338034
-1.1944528799352052
-0.7371142220654817
-0.9050890385342383
-0.18241089365277546
-0.14464111647917474
-1.082587396234152
1.8011734839951983
1.8011734839951983
NA
1.8011734839951983
NA
NA
0.25611479817451605
7.187086671535993e-4
0.5486469012850592
1.8011734839951983
0.1481092059913732
NA
-0.10267002719273201
-0.17783632766027882
-0.46706098460351436
1.8011734839951983
0.1088462096413311
0.5003020270303932
0.7455643498810085
0.21842639013518927
-0.10523775288941506
0.06521657018912064
-0.06903940733023527
-0.3522152662802623
0.445519665989591
0.34927532497758335
0.2308527368498958
0.09292201235847695
-0.08149308727501921
0.4878909781515778
-0.6032603747555354
NA
0.2617466224360346
0.32552986431436864
-0.6006818512776049
0.05061607435847014
0.29681312396410653
-0.0018789273143991906
1.8011734839951983
-0.3623279034376156
-0.20977386168960221
NA
0.10858460333150471
-0.1673395056811383
-0.1038576695515263
-0.26794906027403925
0.14486482325302605
0.051512129625628976
-0.9458788106039671
-0.14641494480715914
0.15361152345836795
-0.17194698591143037
1.8011734839951983
1.8011734839951983
0.3550451274158664
-0.317255951432341
1.8011734839951983
1.8011734839951983
0.22387599547385353
0.3994627816588171
0.08606305570250389
0.10725783917892605
-0.2467806896509836
0.02165868878842006
NA
0.21467492291036896
-0.4762354798207735
-0.3436226371363948
-0.34970559089683484
0.14304543431958328
-1.0851637108079755
NA
NA
-0.5834127917111803
-0.362674239235836
-0.5541652407377764
-0.12577800361371497
0.22132412767208146
-0.038720686691730156
NA
-0.3819879019587143
-0.19367055518222917
0.017088611101077362
1.8011734839951983
0.6464573631420384
0.37413287877933094
-0.07073872039307218
1.8011734839951983
1.8011734839951983
0.19153427115788602
0.615631538434577
0.0883751712457228
0.18467823620840887
-0.15165668600294488
0.1622249883643809
0.8923548125039055
-0.23640374380111964
NA
NA
0.15882463114718984
0.4167189637842764
0.3005787140758245
-0.061688452532861225
1.8011734839951983
0.48666206766764675
0.5613350462179274
0.008369569195034282
-0.12915545715853236
1.8011734839951983
0.3325795073589402
-0.1423968229083386
-0.13210717968516394
-0.5044613969786284
NA
-0.4589601264442422
-0.25178083391829686
-0.08132246509872786
0.17951121785209254
-0.44628589290745324
0.02700937517134922
-0.5568813781582839
-0.8084999792371241
-0.7792659950080947
-0.5114265494411011
-0.5461318755651686
-0.051791982491271434
-0.6008854229401617
NA
-0.3776414875617118
-0.6120788486783738
-0.4804090592208806
-0.3327969469340654
-0.610333712604803
-0.05416467448808159
-0.470576126504345
-0.24762382521549
-0.5394930730185423
-0.3432220617761527
-0.6056796573964215
-0.030716049022005473
-0.34113497246410607
NA
-0.7238268766450761
NA
-0.2987987403625584
-0.4065481035857672
-0.2767086575028296
1.8011734839951983
-0.24097922625383092
-0.527595586511649
-0.5661456590611046
-0.3255817653258458
-0.8654239041417933
-0.78863556700669
-0.3067988388126729
-0.4081782317353898
-0.4610628073294285
-0.19733822112835994
-0.6681130826229305
-0.5573082097120265
-1.387237026382533
-0.9437870645774107
-0.9612944351316235
-0.9601240919385055
NA
-0.8433252950688707
-1.054780038989128
-1.5548521792149899
-1.1584408734533485
-1.484937998659335
-1.413716499356938
-1.6852312245395378
-1.4831483006869497
-1.4963644089498995
-0.852176479571679
-1.329389141172117
-1.4675564964742638
-1.214386845229538
-1.5477955687228886
-1.494481545355349
-0.983025269503697
-1.0661144351075407
-1.2518841360656356
-1.1994468439708141
-1.5503422784985808
-1.382565953996234
-1.5941843213132803
-1.331046684798247
-1.8302319735240633
-1.3862500339797994
0.2975459905656035
-0.18392595513100024
0.3920232122083784
0.3711487198274944
0.042395951043397766
-0.2978705698229195
0.21847383457553357
-0.2250656896748415
0.09691212347330025
1.8011734839951983
-1.151771784638175
-0.410772233208057
-0.9293293759638867
-0.6123069023614516
-1.2321297343094322
-0.5560691280863114
-0.7506330481035287
-0.5539528726237574
-0.607072011118296
-0.8936868361094298
NA
NA
NA
NA
NA
NA
NA
NA
NA
NA
NA
NA
NA
NA
NA
NA
NA
NA
NA
NA
0.537707981248258
0.21706320648031888
0.8041265218328432
-0.10050632728983368
0.46475021673718886
NA
0.2755846977815129
-0.3129294445877793
-0.05902460817554297
0.20549335841666772
0.08153269129113035
1.8011734839951983
1.8011734839951983
NA
1.8011734839951983
0.5779099028377234
0.15627996186624918
1.8011734839951983
0.27397081917646615
0.3404223702182919
-0.7164752834587491
-0.7500422132528227
-0.769891938620842
-1.1498525642052793
-0.28794621824172173
-0.48168546505961235
-1.395574025790453
-0.8503394938188154
-0.3310462964332201
-1.0909253356012663
-0.5916154826996907
-0.9335582876285788
-0.4038372730182121
-0.47651060979351123
-0.3877462486443144
-0.48552890337512145
-0.401686121570561
-0.9824744651651881
-0.4623952112371747
-0.7205607416843683
-1.3294573861261372
-1.4137577126511218
-1.6798445573019412
-1.5964820476478296
-1.4566970852358307
-1.2764261024843142
-1.4229392614788365
-1.12185569552065
-1.3988169907570152
-1.1804328794041208
-0.6691088793101196
-1.278239718501704
-1.4673267665306224
-1.3376804820621622
-1.1735805768759453
-1.6484827678617548
-1.6885481917101868
-1.7004893314886733
-1.2943485746848213
-1.465363712667288
-0.8507143847940665
-1.4906870436654056
-0.6094739554285397
-1.1735692503676511
-1.397317685344789
-1.1950832322370482
-1.4178892954577162
-1.4323016427895936
-1.3177401015463264
-0.825418571101369
-1.1656847120675116
-1.3249186756604154
-1.1890739830269499
-1.1880013995065601
-1.3832158143678606
-1.027001166424195
-1.1529768945720011
-1.22493794201917
-1.0637085233861967
-0.9954208247217889
-1.3468683168669906
-1.6593895765425728
-1.5424671632893667
-1.6992165562423303
-1.4412391194629568
-1.301435514526933
-1.3960967527645214
-1.5144205472643664
-1.4650859312263225
-1.367482585461363
-1.620705195573708
-1.3177541421867947
-1.3863226732430536
-1.4054447526996021
-1.326543955187193
-1.6609809979558636
-1.6777215850476428
-1.6060578662761895
-1.3896220044293153
-1.3439084950252993
-1.3617118587298718
-1.396637495623152
-1.4510110684102502
-1.468048784436416
-1.4625526080361593
-1.1033268634767404
-1.5762857554082876
-1.442079838549034
-1.5684016870877455
-1.4000223552631232
-1.7346361338593466
-1.5464747145637452
-1.2819680000663922
-1.5072156542928303
-1.3023457396789495
-0.8772841995965563
-1.8083033129900097
-1.615300414539133
-1.2862741607108887
-1.024763456484217
-0.8516417328694101
-0.13069078259039246
0.007481343004666518
0.1358930302360689
