NA
-1.2489763452526979
-0.40375237683794674
-0.5164489059599136
0.04703373964992051
-0.0093145249110629
-0.40375237683794674
-0.40375237683794674
0.04703373964992051
-0.6854936996428638
-0.5164489059599136
-0.0656627894720463
-0.2910558477159799
-0.6291454350818804
-0.0093145249110629
-0.2910558477159799
-0.40375237683794674
-0.40375237683794674
-0.2910558477159799
0.32877506245483756
-0.2910558477159799
-0.6291454350818804
-0.2910558477159799
-0.2910558477159799
0.32877506245483756
-0.0656627894720463
-0.5164489059599136
0.10338200421090392
-0.2910558477159799
-0.2910558477159799
-1.1926280806917144
-1.136279816130731
-0.7981902287648306
-1.3053246098136813
-0.854538493325814
-1.2489763452526979
-1.418021138935648
-1.3053246098136813
-1.418021138935648
-1.2489763452526979
-0.5164489059599136
-0.12201105403302971
-0.34740411227696333
-0.2910558477159799
-0.6291454350818804
-0.6291454350818804
-0.6291454350818804
-0.5164489059599136
-0.6854936996428638
-0.6291454350818804
-0.0656627894720463
-0.0656627894720463
-0.46010064139893014
-0.6291454350818804
-0.40375237683794674
-0.0656627894720463
-0.34740411227696333
-0.0656627894720463
-0.2910558477159799
-0.5164489059599136
-1.2489763452526979
-1.2489763452526979
-0.12201105403302971
-1.1926280806917144
-0.6854936996428638
-1.3053246098136813
-1.3053246098136813
-1.3616728743746647
-0.7418419642038472
-1.1926280806917144
-1.136279816130731
-1.418021138935648
-1.2489763452526979
-1.3616728743746647
-1.3053246098136813
-1.3616728743746647
-1.418021138935648
-1.3053246098136813
-1.418021138935648
-1.1926280806917144
-0.5164489059599136
-0.2910558477159799
-0.5164489059599136
-0.40375237683794674
-0.34740411227696333
-0.2910558477159799
-0.5164489059599136
-0.5164489059599136
-0.7418419642038472
0.10338200421090392
-0.0093145249110629
-0.7418419642038472
-0.40375237683794674
-0.0656627894720463
-0.5164489059599136
-0.40375237683794674
-0.40375237683794674
-0.40375237683794674
-0.7418419642038472
-0.5164489059599136
-0.34740411227696333
-0.34740411227696333
0.04703373964992051
0.4978198561377878
0.21607853333287075
-0.2910558477159799
1.0049542371866385
0.27242679789385416
-0.0656627894720463
-0.0656627894720463
-0.40375237683794674
-0.6854936996428638
-0.6854936996428638
-0.854538493325814
-0.7418419642038472
-0.6854936996428638
-0.7418419642038472
-0.7418419642038472
-1.1926280806917144
-0.854538493325814
-0.0656627894720463
-0.0656627894720463
-0.2910558477159799
-0.2910558477159799
0.15973026877188734
0.666864649820738
-0.0656627894720463
-0.40375237683794674
0.32877506245483756
0.32877506245483756
0.10338200421090392
-0.40375237683794674
0.21607853333287075
0.32877506245483756
-0.5164489059599136
0.10338200421090392
0.32877506245483756
-0.0656627894720463
-0.2910558477159799
0.32877506245483756
0.04703373964992051
0.10338200421090392
0.7232129143817214
0.666864649820738
-0.0093145249110629
0.4414715915768044
-0.5164489059599136
-0.17835931859401313
-0.0656627894720463
-0.6854936996428638
-0.854538493325814
-0.6291454350818804
-0.6854936996428638
-0.7418419642038472
-0.7418419642038472
-0.40375237683794674
-0.6291454350818804
-0.854538493325814
-0.7418419642038472
-0.6291454350818804
-0.854538493325814
0.10338200421090392
0.04703373964992051
0.04703373964992051
-0.40375237683794674
-0.854538493325814
0.10338200421090392
-0.6291454350818804
-0.7981902287648306
-0.7981902287648306
-0.46010064139893014
-0.6291454350818804
-0.40375237683794674
-0.0093145249110629
0.10338200421090392
-0.0093145249110629
0.32877506245483756
0.6105163852597546
-0.5164489059599136
0.666864649820738
-0.12201105403302971
-0.7418419642038472
-0.0093145249110629
-0.5164489059599136
0.7232129143817214
-0.2910558477159799
-0.6291454350818804
-0.5164489059599136
-0.40375237683794674
-0.6291454350818804
-0.6854936996428638
-0.7418419642038472
-0.5164489059599136
-0.5164489059599136
-0.7418419642038472
-0.40375237683794674
-0.854538493325814
-0.6854936996428638
-0.2910558477159799
-1.136279816130731
-0.40375237683794674
-0.0656627894720463
-0.0656627894720463
-0.0656627894720463
-0.854538493325814
0.10338200421090392
-0.0093145249110629
-0.2910558477159799
-0.5164489059599136
-0.40375237683794674
-0.6291454350818804
-0.5164489059599136
-0.40375237683794674
-0.5164489059599136
-0.40375237683794674
-0.17835931859401313
-0.5164489059599136
-0.6291454350818804
-0.0656627894720463
-0.40375237683794674
-0.854538493325814
-0.854538493325814
-1.136279816130731
-1.1926280806917144
-1.136279816130731
-0.7418419642038472
-0.7418419642038472
-1.136279816130731
-1.3053246098136813
-0.6291454350818804
-1.136279816130731
-1.136279816130731
-1.418021138935648
-0.7418419642038472
-1.2489763452526979
-0.6291454350818804
-0.6854936996428638
-0.6291454350818804
-0.6854936996428638
-1.2489763452526979
1.624785147357456
0.32877506245483756
1.1176507663086053
0.7232129143817214
-0.2910558477159799
0.4414715915768044
0.948605972625655
0.948605972625655
1.1176507663086053
NA
0.04703373964992051
0.32877506245483756
2.7517504385771243
0.8359094435036882
0.15973026877188734
2.8080987031381075
0.7795611789427048
1.0613025017476219
2.864446967699091
0.7232129143817214
-0.6291454350818804
-0.0656627894720463
0.10338200421090392
-0.7418419642038472
-0.854538493325814
-0.5164489059599136
-0.0656627894720463
-0.5164489059599136
-0.40375237683794674
-0.6854936996428638
-0.7418419642038472
-1.0799315515697476
-0.40375237683794674
-1.136279816130731
-0.6854936996428638
-1.136279816130731
-0.7981902287648306
-0.7418419642038472
-0.7418419642038472
-0.7418419642038472
-0.6291454350818804
-0.2910558477159799
-0.46010064139893014
0.32877506245483756
-0.40375237683794674
-0.6291454350818804
-0.0093145249110629
-0.6291454350818804
0.10338200421090392
-0.5164489059599136
-0.5164489059599136
-0.6291454350818804
-0.6291454350818804
-0.5164489059599136
-0.0656627894720463
-0.5164489059599136
-0.0656627894720463
-0.2910558477159799
-0.6854936996428638
0.32877506245483756
-0.2910558477159799
-0.40375237683794674
-0.23470758315499654
0.32877506245483756
-0.6854936996428638
-0.40375237683794674
0.10338200421090392
-0.0656627894720463
-0.0656627894720463
-0.0093145249110629
0.10338200421090392
-0.40375237683794674
-0.17835931859401313
1.7938299410404062
0.7232129143817214
0.7232129143817214
-0.0656627894720463
-0.40375237683794674
-0.0093145249110629
-0.0656627894720463
0.7232129143817214
0.10338200421090392
-0.0093145249110629
-0.40375237683794674
1.230347295430572
0.7232129143817214
-0.0656627894720463
0.10338200421090392
0.10338200421090392
-0.0656627894720463
0.666864649820738
-0.0656627894720463
1.230347295430572
0.666864649820738
-0.34740411227696333
-0.34740411227696333
-0.40375237683794674
-0.40375237683794674
0.10338200421090392
0.10338200421090392
-0.5164489059599136
0.04703373964992051
-0.7418419642038472
-1.1926280806917144
-0.40375237683794674
-0.0093145249110629
-0.6291454350818804
-0.7418419642038472
-0.7418419642038472
-0.6291454350818804
-0.6854936996428638
-0.6291454350818804
-1.3616728743746647
-1.3616728743746647
-0.9108867578867974
-1.3616728743746647
-0.854538493325814
-1.418021138935648
-0.854538493325814
-0.7418419642038472
-0.0656627894720463
0.04703373964992051
-0.40375237683794674
-0.7418419642038472
0.15973026877188734
0.04703373964992051
-0.0656627894720463
0.27242679789385416
0.27242679789385416
0.27242679789385416
0.38512332701582097
0.4978198561377878
0.948605972625655
1.230347295430572
0.666864649820738
0.10338200421090392
1.0613025017476219
-0.0656627894720463
1.0049542371866385
0.32877506245483756
2.977143496821058
2.977143496821058
1.624785147357456
1.624785147357456
2.5263573803331907
1.1176507663086053
2.864446967699091
2.2446160575282734
2.6390539094551575
2.01922299928434
-0.0093145249110629
-0.0656627894720463
1.3993920891135223
-0.0093145249110629
0.27242679789385416
0.10338200421090392
0.5541681206987712
0.6105163852597546
0.8359094435036882
0.666864649820738
0.6105163852597546
0.8359094435036882
2.864446967699091
1.0613025017476219
2.8080987031381075
1.9628747347233564
2.1882677929672902
2.9207952322600743
2.977143496821058
1.624785147357456
0.4414715915768044
-0.0093145249110629
0.15973026877188734
0.32877506245483756
0.21607853333287075
-0.0656627894720463
0.10338200421090392
0.10338200421090392
0.10338200421090392
-0.0093145249110629
-0.40375237683794674
-0.34740411227696333
-0.0656627894720463
-0.34740411227696333
0.32877506245483756
-0.0656627894720463
-0.0093145249110629
-0.0093145249110629
-0.2910558477159799
-0.2910558477159799
-0.0656627894720463
-0.40375237683794674
-0.6291454350818804
-0.2910558477159799
-0.5164489059599136
0.32877506245483756
-0.2910558477159799
-0.0093145249110629
-0.0093145249110629
0.10338200421090392
-0.0656627894720463
-0.5164489059599136
-0.40375237683794674
0.10338200421090392
-0.5164489059599136
-0.34740411227696333
-0.40375237683794674
0.10338200421090392
-0.7418419642038472
-0.5164489059599136
-0.34740411227696333
0.04703373964992051
-0.40375237683794674
-0.2910558477159799
-0.5164489059599136
-0.2910558477159799
-0.2910558477159799
-0.40375237683794674
-0.40375237683794674
-0.5164489059599136
-0.6291454350818804
-0.0656627894720463
-0.5164489059599136
-0.5164489059599136
-0.34740411227696333
-0.0093145249110629
-0.0656627894720463
0.04703373964992051
-0.46010064139893014
-0.6854936996428638
3.653322671552859
3.4842778778699084
4.0477605234797425
3.3715813487479416
2.977143496821058
3.4842778778699084
4.0477605234797425
4.0477605234797425
3.8787157297967925
3.653322671552859
3.653322671552859
3.596974406991875
4.0477605234797425
3.3715813487479416
4.16045705260171
2.977143496821058
3.2025365550649916
2.8080987031381075
3.8787157297967925
3.822367465235809
0.10338200421090392
0.04703373964992051
-0.34740411227696333
0.32877506245483756
0.27242679789385416
-0.0093145249110629
0.7795611789427048
-0.40375237683794674
0.6105163852597546
0.10338200421090392
0.6105163852597546
1.0613025017476219
1.6811334119184393
1.624785147357456
0.7232129143817214
0.32877506245483756
2.6390539094551575
0.666864649820738
-0.0093145249110629
1.1176507663086053
0.04703373964992051
0.27242679789385416
-0.0656627894720463
-0.0656627894720463
0.10338200421090392
0.666864649820738
-0.17835931859401313
0.6105163852597546
-0.0656627894720463
0.7795611789427048
0.10338200421090392
0.6105163852597546
0.10338200421090392
-0.2910558477159799
0.10338200421090392
0.27242679789385416
-0.0656627894720463
-0.0656627894720463
-0.0093145249110629
-0.34740411227696333
0.7795611789427048
0.32877506245483756
NA
0.27242679789385416
0.8359094435036882
0.10338200421090392
1.0049542371866385
0.04703373964992051
0.4978198561377878
-0.0656627894720463
-0.0656627894720463
0.04703373964992051
-0.0656627894720463
-0.0656627894720463
-0.40375237683794674
-0.40375237683794674
0.10338200421090392
-0.2910558477159799
0.10338200421090392
-0.40375237683794674
0.27242679789385416
0.27242679789385416
0.32877506245483756
0.32877506245483756
0.7232129143817214
0.32877506245483756
0.32877506245483756
0.6105163852597546
-0.0093145249110629
0.6105163852597546
-0.0093145249110629
0.27242679789385416
-0.40375237683794674
-0.40375237683794674
-0.40375237683794674
0.10338200421090392
0.10338200421090392
-0.0656627894720463
-0.2910558477159799
0.04703373964992051
-0.40375237683794674
-0.0656627894720463
-0.40375237683794674
0.10338200421090392
0.21607853333287075
-0.0093145249110629
-0.2910558477159799
-0.0656627894720463
-0.40375237683794674
-0.0656627894720463
0.10338200421090392
0.04703373964992051
-0.5164489059599136
-0.5164489059599136
-0.5164489059599136
-0.17835931859401313
-0.2910558477159799
0.04703373964992051
-0.34740411227696333
0.04703373964992051
-0.7418419642038472
-0.6291454350818804
-0.6291454350818804
-0.5164489059599136
-0.5164489059599136
-0.40375237683794674
-0.7418419642038472
-0.5164489059599136
-0.5164489059599136
-0.6291454350818804
0.21607853333287075
-0.2910558477159799
-0.2910558477159799
-0.854538493325814
-0.2910558477159799
-0.5164489059599136
-0.0656627894720463
-0.0656627894720463
-0.2910558477159799
0.10338200421090392
0.7232129143817214
1.7938299410404062
1.7938299410404062
-0.7981902287648306
