1.1595190522558128
-0.41396216539195363
NA
1.539605153537702
-0.032316428507767274
1.1647928361864421
NA
1.4580328057343703
1.2860614799165864
1.9808912752952539
-0.018528393282813964
-1.380739139676589
NA
0.6649716707977235
-1.6638021637596647
-1.213149007201288
-0.0832585208187733
-0.3896070442260726
-0.7687863317019324
NA
-0.8016529073276961
0.7230172624255984
-0.7626585690364066
0.7565959670805131
-1.0948598228343998
0.04868598061225115
-1.0259191088568516
-0.810225850312284
NA
NA
2.3828555482532607
0.20824450697082095
-0.25669057111314314
-1.4317085250279595
1.9219980336668283
1.1491585495904233
-0.1877013667196698
NA
-0.1871933827001341
-0.4667900532054221
0.9594682975024675
-1.513382102700084
0.08071765334828092
0.2378552326434663
0.4660774309902457
-1.4261994364834956
-1.0166603976053314
-0.13069199029985198
NA
NA
0.09022321511991706
-0.037108887988180406
1.6060250471673017
0.8190095328248368
0.7034721108360954
-0.007940169727747947
-0.4727165573379029
-0.5301173471520345
-0.997374234080282
0.4030753825940827
0.01022252094037616
0.44998956119502426
0.6340058489577682
1.5530583455282092
0.6384549850582808
1.6742156178766436
1.0730115705587306
-0.6032164937802188
-0.04615480077651509
0.5205935550050117
-0.364572728549425
NA
-0.8571099091577083
-0.2293263250152788
NA
1.278123334684087
-0.128267660740114
1.4958450153353189
2.3021834106190844
-0.7919872208081781
-0.4245529646642072
1.9171732552106537
0.6678256192273747
0.13940135948703608
0.48589554884026387
-0.423304584464014
-0.25283886394899646
-0.015434383230320899
1.241398938300945
NA
-0.2775720597603198
2.126281379016485
0.7041023966009992
-1.9975000646236127
NA
NA
0.1301450984537238
0.8016590237546872
NA
NA
-1.815535595563336
3.0584292520532586
0.3416110313830499
NA
NA
NA
-0.6765844771548194
0.9512505763964391
NA
NA
0.34177192705324566
-0.12520008913968655
0.5459393890340078
-0.34907376571212306
NA
NA
NA
NA
-0.08965238913383457
1.7056558497705596
-0.2529340937712523
-0.742987960298577
-0.41365823673990443
-0.358269870900389
NA
NA
0.4014376567446965
NA
2.1965129396590486
NA
0.18842585126802625
-0.8718686311940449
-0.2662615059017638
-0.06983036886311103
NA
NA
NA
NA
0.1606195499488133
0.4075798398407892
NA
NA
1.7280501808284245
-0.4543897677874887
NA
NA
-1.4969246264525873
0.0847189313935945
-1.1489355350668589
-1.7602484476403286
-0.8169216691764041
-0.07937117792007346
0.4951674076041125
1.3953993717509123
2.6836864611376496
1.883290119907764
-0.12776690785236036
4.602321365710019
1.6502245094941552
2.1957137860505656
-0.6441154583973124
-1.695919462657806
NA
NA
NA
NA
0.4921270095212125
-0.6113135027946455
-0.2981694665229212
-0.8736179077094002
NA
1.0324707023444804
NA
NA
-0.43570532406873735
-0.16020713953400922
0.13199776222511905
0.3901955715446643
NA
0.029792467542902965
-0.6415321216282414
1.1449391841962846
0.5818966699057563
0.4626283185820345
1.0389409338016065
1.198290354952726
-0.38941050086904
-0.42754799785343117
NA
NA
-1.5333362853504209
1.5515634494718484
NA
NA
NA
-0.07133707975213999
-0.28545679023591286
0.6436078835891889
-0.9089667515912778
1.2282408123439494
-0.9390021717928551
0.09189467031456897
-0.1682376281121928
NA
NA
NA
-0.12959282838844963
0.2647015743261292
1.6905318838655854
NA
0.2395415146463393
0.943375019298765
2.0667077476488984
0.8347097541951838
0.5693231899174591
1.0528188442256114
-1.132624342822447
-1.4041679110283456
0.7317566827969799
-0.42064384470417737
0.2882986099311271
-0.5552338885660152
-0.7018336650159143
0.894227855251606
0.12262833696750562
1.0248411352024822
NA
NA
-0.3644064423991742
0.5860850250992253
2.216517058951668
1.519469092982722
-0.3482976800116342
0.020327519632078263
-0.8975186448730523
2.1121320441765925
0.17362749545815986
-0.044462339442847124
0.9547341950483709
1.1599102325805892
NA
NA
NA
NA
0.4670250020844975
-0.39890294500905726
NA
NA
NA
NA
-0.34360226710063413
NA
NA
NA
NA
NA
NA
NA
NA
NA
-0.4048026401686703
0.7691873934231391
NA
NA
NA
NA
NA
-1.3860976234673263
-0.19550839539739936
-0.7393592947049465
-1.486465368041184
-0.9662372555343728
-0.4335211935831058
NA
-0.6078295076457689
0.7590997853045621
-0.5115396074481149
-0.4976254098900814
-0.9989181285246331
-0.443321988720228
NA
NA
NA
-0.3267340326872752
-0.19045504743938768
0.10854686121965629
NA
NA
-0.6456906678255748
0.05420095565655469
0.8862437056782415
-1.1504542340966757
-0.6639568413680103
-0.548940090748202
1.3653236125910544
1.4696726808721952
0.24780327991867115
-0.5348531767111606
NA
NA
-0.17132005042540988
NA
-2.0676282619147037
-0.7487356702156676
2.3493976871650752
-0.37540102567961636
0.6104581882377067
NA
0.24751805659098117
0.7996913551072664
NA
NA
NA
NA
0.26683607892886085
0.4384650255971749
-1.517031678814458
-0.19071357534090874
-0.4792392533453608
-0.7042839728647867
NA
NA
-1.2018464733252527
-0.9678914097980286
NA
NA
NA
NA
-1.149469407733399
-1.0190472866356426
NA
NA
-0.6062276804811817
NA
-0.9059813519429066
-0.8143797649995941
-1.0538888218020284
-0.4964215818282571
NA
NA
NA
NA
-1.2251515863474152
-0.32695305231424743
-1.6763332729014113
-0.7622208704225533
-0.7687675247831594
0.7705522964394186
0.6898889676385016
-0.1929973460415683
-1.5138160064637871
0.49317221882293066
0.309817543761284
0.6584979313452641
-0.5557596277033355
0.7709008967526754
0.4466041723886147
0.43111102433744675
-0.9539719831157734
0.12417331906969592
NA
NA
1.1443848073866532
-0.15624767655404376
-0.6082866944585791
0.3783093538587887
1.0900297105172063
-0.7517665841612657
0.8632719119743246
0.25633491580998036
-1.149383608263168
-0.4658171372930864
NA
NA
-0.1561747616458957
0.1157833655521578
NA
0.1703261849930928
-0.21987442302237012
0.2557904056107376
NA
NA
NA
NA
NA
NA
NA
NA
NA
NA
-0.5034179289196468
-0.6508688394608653
NA
-0.0703994410058402
NA
0.5723803092455855
-0.020885586863687064
0.405184446760459
NA
NA
NA
NA
NA
NA
NA
NA
NA
NA
NA
NA
-0.14935564302069865
-0.485655000316166
-1.2205179249113676
-0.648881957517017
-0.18124153374956936
NA
-1.2701825272346543
-1.2627249833391943
-1.843487780484122
-0.9336574271525009
-0.6688658057360822
-0.8247724611417625
-1.0102190488423377
-1.0651553494227084
NA
-0.20709303903115936
0.2714765710951775
1.097592159608767
-0.4388194139582405
-1.4672247666224945
NA
-0.4094619332776176
1.2016692297643918
NA
0.1121892002261069
0.3358931722950869
-0.11234747551236271
1.6414609275807979
0.8886264651944524
0.19252506035176298
0.39215730588311115
1.2448091639533716
1.2002992290990155
1.4532881434374136
NA
NA
1.3439458651148841
0.17920914034225474
1.0267718593402595
2.0288911993688807
-0.040055890924410496
-1.4616751777639152
0.23287401671900518
-0.31686779281946426
0.7210149620354744
1.1791503499317788
-1.3284133254782493
-0.9992130630830213
-0.44580005574853876
-1.888261842885023
NA
NA
-0.30320292588046305
0.6233807705351876
-1.2370552902246872
-0.2895862744548574
-1.3380342028852925
-1.21008842171082
0.1197109338624422
-0.21131400603134654
NA
NA
NA
NA
NA
NA
NA
NA
NA
NA
NA
NA
NA
NA
NA
NA
NA
NA
NA
NA
0.3568248605347921
0.6461882800964127
NA
-0.42713835722611665
NA
NA
NA
NA
NA
-0.03465996660424498
NA
1.2619594543391783
NA
NA
NA
NA
NA
NA
NA
NA
0.22970963161870078
NA
NA
0.2893697078798495
1.5922668149623416
-1.2159397937864826
0.434342724700874
-0.33956802465622765
-0.9518662416843314
0.06707395988027143
0.8499109318543807
0.755736723364544
0.4602513320189643
1.9560046659434775
0.20385389522859793
0.5490474729008341
0.4854359715706667
-0.3396809498348489
1.1243947499560847
-0.12628264335256142
-0.013231571324898637
0.08107972388553397
-0.9740995276684509
-1.0825709506311694
-0.4001137651569837
-1.855296666892935
NA
-1.3754450488155519
0.5324327464297434
-0.6675560386055976
0.15889861229866867
-1.2506930135268706
-2.4318429612157244
-1.6148992147540138
-1.6041570935909963
-0.4720656957162046
-0.9255059396278985
0.5627067342186703
NA
-0.3040528109581114
-1.1410656493279143
-1.6337867815621043
-0.9522475613748612
-0.6360258597989271
0.2642710530587784
0.10933488725179591
NA
NA
1.4523298870013246
-0.8973853769071739
-1.1718266448780692
NA
1.047790966584666
1.793702259738017
0.8444205247297061
-0.1992503566904519
0.07854206874566294
0.6000649841234715
1.9384097864521292
-0.6920720375132484
-2.0087778393434763
-1.2540173321385126
0.5968741904518124
0.4117318899718051
1.8454651034345781
0.39976204215523464
0.3999320992510659
-1.7099006647195807
-1.557157444207633
-0.1327113824560044
-0.04947400381063422
-0.014352181609822118
0.17653994434153353
-0.7961076870288945
0.10582153131743267
-0.38948545364159914
0.9824225034205727
-0.4029344324520169
0.14137242855923782
-0.08338664930255892
-1.1123280379967448
-0.6944119779722612
-0.38424866800589025
-0.4621722225694469
0.17669117061402445
-0.03354580457650337
-0.08502955646703256
-1.9405181963852725
-0.99628175947174
-0.11842226565548723
-1.3425504211793917
-0.7938169600989848
-0.5715984119013459
-1.6821397581747548
0.6201183169451954
-1.0799131750377486
-1.2979079713530453
-1.051825893451642
NA
NA
2.692756553396386
1.545283426661272
NA
NA
