-0.4451703819709814
-0.8760280271003371
-0.18665579489336803
-0.6175134400227237
0.07185879218424537
-0.5313419109968526
-0.18665579489336803
-0.27282732391923914
0.3303733792618588
-0.4451703819709814
-0.7036849690485948
-0.014312736841625755
-0.014312736841625755
-0.3589988529451103
-0.10048426586749688
-0.014312736841625755
-0.3589988529451103
-0.4451703819709814
-0.10048426586749688
0.1580303212101165
-0.4451703819709814
-0.6175134400227237
NA
-0.3589988529451103
0.24420185023598764
-0.4451703819709814
-0.4451703819709814
0.1580303212101165
-0.18665579489336803
-0.7898564980744659
-0.9621995561262082
-1.2207141432038215
NA
-1.0483710851520793
-0.9621995561262082
-1.0483710851520793
NA
-1.1345426141779504
-1.3068856722296927
-1.1345426141779504
-0.3589988529451103
-0.18665579489336803
-0.3589988529451103
-0.27282732391923914
-0.6175134400227237
-0.5313419109968526
-0.27282732391923914
-0.18665579489336803
-0.5313419109968526
-0.7898564980744659
-0.10048426586749688
-0.10048426586749688
-0.3589988529451103
-0.7036849690485948
-0.27282732391923914
-0.27282732391923914
-0.5313419109968526
-0.10048426586749688
-0.6175134400227237
NA
-1.393057201255564
-1.479228730281435
-1.1345426141779504
NA
-1.3068856722296927
-0.27282732391923914
-1.2207141432038215
-1.0483710851520793
NA
-1.3068856722296927
-1.3068856722296927
-1.2207141432038215
-1.3068856722296927
-1.2207141432038215
-1.0483710851520793
-1.1345426141779504
-1.3068856722296927
-1.393057201255564
-1.2207141432038215
-1.3068856722296927
-0.4451703819709814
-0.10048426586749688
0.07185879218424537
-0.27282732391923914
-0.7036849690485948
-0.3589988529451103
-0.4451703819709814
-0.5313419109968526
-0.6175134400227237
-0.4451703819709814
NA
-0.6175134400227237
-0.4451703819709814
-0.5313419109968526
-0.7036849690485948
-0.27282732391923914
-0.5313419109968526
-0.27282732391923914
-0.8760280271003371
NA
-0.5313419109968526
-0.6175134400227237
-0.18665579489336803
0.4165449082877299
0.07185879218424537
-0.27282732391923914
1.019745611468828
-0.014312736841625755
-0.3589988529451103
-0.5313419109968526
-0.4451703819709814
-0.7036849690485948
NA
-0.9621995561262082
-0.7036849690485948
-0.7036849690485948
NA
-0.6175134400227237
NA
-0.7036849690485948
-0.4451703819709814
-0.27282732391923914
-0.18665579489336803
0.1580303212101165
-0.27282732391923914
-0.10048426586749688
-0.27282732391923914
-0.10048426586749688
0.07185879218424537
-0.014312736841625755
0.1580303212101165
-0.27282732391923914
0.07185879218424537
0.502716437313601
-0.4451703819709814
-0.27282732391923914
0.5888879663394722
0.24420185023598764
0.4165449082877299
1.105917140494699
-0.27282732391923914
NA
0.4165449082877299
0.24420185023598764
-0.4451703819709814
0.5888879663394722
0.1580303212101165
-0.10048426586749688
-0.6175134400227237
-0.4451703819709814
-0.7036849690485948
-0.6175134400227237
-0.6175134400227237
-0.7036849690485948
NA
-0.5313419109968526
-0.7036849690485948
-0.6175134400227237
-0.7036849690485948
-0.7036849690485948
-0.7036849690485948
0.3303733792618588
0.4165449082877299
-0.10048426586749688
-0.3589988529451103
NA
-0.10048426586749688
-0.10048426586749688
-0.7898564980744659
-0.7898564980744659
-0.5313419109968526
-0.4451703819709814
-0.4451703819709814
NA
0.3303733792618588
-0.3589988529451103
0.07185879218424537
0.502716437313601
-0.6175134400227237
0.8474025534170856
-0.3589988529451103
-0.7898564980744659
-0.4451703819709814
-0.7036849690485948
0.8474025534170856
0.24420185023598764
-0.7898564980744659
-0.6175134400227237
-0.27282732391923914
-0.3589988529451103
-0.5313419109968526
-0.5313419109968526
-0.7036849690485948
-0.5313419109968526
-0.7036849690485948
-0.3589988529451103
-0.7898564980744659
-0.3589988529451103
0.07185879218424537
-0.7898564980744659
-0.6175134400227237
-0.4451703819709814
-0.014312736841625755
NA
-0.7898564980744659
0.502716437313601
-0.6175134400227237
-0.6175134400227237
-0.27282732391923914
-0.4451703819709814
-0.5313419109968526
-0.4451703819709814
-0.27282732391923914
-0.6175134400227237
-0.4451703819709814
-0.27282732391923914
-0.6175134400227237
-0.6175134400227237
-0.3589988529451103
-0.3589988529451103
-0.9621995561262082
-1.0483710851520793
-0.9621995561262082
-0.27282732391923914
-0.9621995561262082
-0.8760280271003371
-0.6175134400227237
-0.5313419109968526
-1.2207141432038215
-0.9621995561262082
-1.1345426141779504
-1.0483710851520793
-1.3068856722296927
-0.9621995561262082
-1.2207141432038215
NA
-0.9621995561262082
-0.8760280271003371
-1.1345426141779504
-0.7898564980744659
1.8814609017275392
0.1580303212101165
1.6229463146499257
0.6750594953653433
-0.3589988529451103
0.1580303212101165
0.7612310243912145
0.8474025534170856
1.2782601985464412
NA
-0.10048426586749688
0.1580303212101165
4.552778301529544
0.3303733792618588
0.3303733792618588
2.484661604908637
0.3303733792618588
1.9676324307534103
3.4325484241932194
0.502716437313601
-0.6175134400227237
-0.7898564980744659
-0.6175134400227237
NA
NA
-0.4451703819709814
-0.7036849690485948
-0.7036849690485948
-0.5313419109968526
-0.4451703819709814
NA
NA
-0.6175134400227237
-0.9621995561262082
-0.8760280271003371
-0.9621995561262082
-0.6175134400227237
-0.7898564980744659
-0.7898564980744659
-0.6175134400227237
-0.4451703819709814
-0.27282732391923914
-0.5313419109968526
0.07185879218424537
-0.5313419109968526
-0.27282732391923914
-0.4451703819709814
-0.8760280271003371
0.07185879218424537
-0.5313419109968526
-0.6175134400227237
-0.7036849690485948
-0.3589988529451103
-0.7898564980744659
-0.18665579489336803
-0.4451703819709814
-0.27282732391923914
-0.4451703819709814
-0.5313419109968526
-0.10048426586749688
-0.5313419109968526
NA
-0.8760280271003371
-0.3589988529451103
-0.6175134400227237
-0.5313419109968526
-0.4451703819709814
-0.3589988529451103
-0.27282732391923914
-0.3589988529451103
0.4165449082877299
-0.18665579489336803
-0.27282732391923914
1.4506032565981835
0.502716437313601
0.9335740824429567
-0.014312736841625755
-0.6175134400227237
-0.4451703819709814
-0.27282732391923914
0.4165449082877299
-0.10048426586749688
-0.27282732391923914
NA
1.1920886695205701
1.1920886695205701
-0.27282732391923914
-0.18665579489336803
-0.27282732391923914
-0.014312736841625755
0.5888879663394722
NA
0.1580303212101165
-0.014312736841625755
-0.3589988529451103
-0.27282732391923914
-0.4451703819709814
-0.4451703819709814
-0.5313419109968526
-0.4451703819709814
-0.6175134400227237
-0.4451703819709814
-0.5313419109968526
-1.3068856722296927
-0.4451703819709814
-0.6175134400227237
-0.8760280271003371
-0.7036849690485948
-0.7898564980744659
-0.8760280271003371
-0.8760280271003371
-0.7898564980744659
-1.1345426141779504
-1.1345426141779504
-0.7036849690485948
-1.3068856722296927
-1.0483710851520793
-1.0483710851520793
-1.2207141432038215
-1.1345426141779504
0.1580303212101165
0.1580303212101165
-0.4451703819709814
-0.3589988529451103
0.4165449082877299
-0.3589988529451103
-0.18665579489336803
0.1580303212101165
0.3303733792618588
0.4165449082877299
0.24420185023598764
1.019745611468828
1.2782601985464412
1.795289372701668
0.7612310243912145
0.1580303212101165
0.7612310243912145
-0.5313419109968526
0.8474025534170856
0.1580303212101165
NA
3.7772345402967042
1.9676324307534103
1.1920886695205701
2.1399754888051525
1.105917140494699
1.6229463146499257
2.5708331339345083
3.4325484241932194
2.398490075882766
-0.18665579489336803
-0.27282732391923914
0.8474025534170856
0.07185879218424537
0.5888879663394722
0.1580303212101165
0.502716437313601
0.1580303212101165
0.9335740824429567
1.2782601985464412
0.502716437313601
0.5888879663394722
1.9676324307534103
0.6750594953653433
3.260205366141477
2.053803959779281
2.484661604908637
3.260205366141477
1.795289372701668
1.709117843675797
-0.014312736841625755
0.24420185023598764
0.1580303212101165
0.24420185023598764
0.24420185023598764
-0.10048426586749688
0.1580303212101165
0.1580303212101165
-0.18665579489336803
-0.10048426586749688
-0.18665579489336803
-0.18665579489336803
0.6750594953653433
-0.18665579489336803
0.5888879663394722
-0.18665579489336803
-0.3589988529451103
-0.10048426586749688
-0.10048426586749688
0.3303733792618588
-0.18665579489336803
-0.3589988529451103
-0.6175134400227237
-0.4451703819709814
-0.18665579489336803
0.5888879663394722
-0.27282732391923914
-0.18665579489336803
-0.4451703819709814
-0.10048426586749688
-0.18665579489336803
-0.27282732391923914
-0.3589988529451103
-0.014312736841625755
-0.4451703819709814
-0.10048426586749688
0.07185879218424537
0.3303733792618588
-0.3589988529451103
-0.5313419109968526
-0.3589988529451103
-0.18665579489336803
-0.5313419109968526
-0.3589988529451103
-0.4451703819709814
-0.5313419109968526
-0.27282732391923914
-0.6175134400227237
-0.7036849690485948
-0.7036849690485948
-0.27282732391923914
NA
-0.5313419109968526
-0.4451703819709814
-0.6175134400227237
-0.5313419109968526
-0.18665579489336803
-0.18665579489336803
-0.27282732391923914
-0.5313419109968526
1.4506032565981835
2.484661604908637
3.3463768951673485
3.4325484241932194
2.5708331339345083
3.001690779063864
3.604891482244962
4.121920656400189
3.1740338371156063
2.053803959779281
4.121920656400189
3.9495775983484465
3.5187199532190907
2.9155192500379927
5.328322062762385
3.4325484241932194
3.087862308089735
3.001690779063864
3.863406069322575
3.9495775983484465
-0.014312736841625755
0.07185879218424537
-0.4451703819709814
0.3303733792618588
0.6750594953653433
-0.4451703819709814
1.795289372701668
-0.18665579489336803
0.3303733792618588
0.502716437313601
0.3303733792618588
1.105917140494699
1.709117843675797
1.5367747856240546
0.4165449082877299
0.24420185023598764
1.6229463146499257
0.24420185023598764
-0.10048426586749688
1.1920886695205701
0.3303733792618588
-0.3589988529451103
0.1580303212101165
-0.4451703819709814
-0.014312736841625755
0.6750594953653433
-0.18665579489336803
0.5888879663394722
0.8474025534170856
-0.27282732391923914
0.1580303212101165
0.9335740824429567
0.4165449082877299
0.07185879218424537
0.1580303212101165
0.1580303212101165
-0.014312736841625755
-0.3589988529451103
-0.014312736841625755
-0.18665579489336803
0.8474025534170856
0.3303733792618588
0.1580303212101165
0.1580303212101165
0.6750594953653433
0.1580303212101165
NA
-0.014312736841625755
0.3303733792618588
0.1580303212101165
0.1580303212101165
0.07185879218424537
0.07185879218424537
-0.9621995561262082
-0.3589988529451103
-0.3589988529451103
-0.18665579489336803
-0.10048426586749688
-0.10048426586749688
-0.014312736841625755
0.1580303212101165
0.24420185023598764
1.019745611468828
0.3303733792618588
0.9335740824429567
0.5888879663394722
0.1580303212101165
0.1580303212101165
-0.18665579489336803
1.105917140494699
-0.10048426586749688
0.07185879218424537
-0.6175134400227237
-0.18665579489336803
-0.27282732391923914
-0.10048426586749688
0.1580303212101165
0.07185879218424537
-0.27282732391923914
0.07185879218424537
-0.014312736841625755
-0.18665579489336803
-0.27282732391923914
0.07185879218424537
0.502716437313601
-0.4451703819709814
0.1580303212101165
-0.10048426586749688
-0.18665579489336803
NA
0.5888879663394722
0.3303733792618588
-0.27282732391923914
-0.27282732391923914
-0.10048426586749688
-0.10048426586749688
-0.10048426586749688
0.3303733792618588
0.07185879218424537
NA
-0.6175134400227237
-0.6175134400227237
-0.6175134400227237
-0.4451703819709814
-0.5313419109968526
-0.5313419109968526
-0.7898564980744659
-0.18665579489336803
-0.3589988529451103
-0.7898564980744659
0.5888879663394722
-0.27282732391923914
-0.18665579489336803
-0.5313419109968526
0.24420185023598764
-0.18665579489336803
0.07185879218424537
0.1580303212101165
-0.10048426586749688
0.502716437313601
0.7612310243912145
2.5708331339345083
1.2782601985464412
-0.7036849690485948
