-1.30912194942428
3.6684859164777706
0.59345973292801
-0.5381648709077241
-0.7427045037215286
-1.583748592293861
1.0872595585390181
-0.14724000869820136
0.20132457672932094
0.7227882576133741
-0.2706899634961038
-1.8755393951270307
-0.04142575714328609
0.16699624396334942
-0.6111125700111671
0.4171026491429511
0.09965990731700185
0.3465598169128068
0.6463668554957681
-1.2994395975109552
-0.729218369782341
-0.12479455886982023
0.6463668554957681
-0.2706899634961038
-0.6410398343092095
-0.8725085003577014
-0.0032150560844834957
-0.49995416984892155
-0.04142575714328609
-0.2706899634961038
1.334159468134823
1.334159468134823
-0.6930187633208945
0.6922196954824524
-0.09237335855502336
0.7505778560490862
3.7414336155812133
1.334159468134823
2.9390088997657497
1.9177410802205606
0.2642598449077393
-0.7366139909987285
0.14538211255995068
-0.04142575714328609
0.16699624396334942
0.16699624396334942
0.16699624396334942
0.7992096597309799
0.7227882576133741
-0.12479455886982023
-0.07008378454223796
-0.2706899634961038
0.050279922830081834
-0.41658536812238744
-0.3941399182940063
-1.2737208582654331
-0.805639771899947
-0.8725085003577014
-0.729218369782341
-0.2706899634961038
0.7505778560490862
0.7505778560490862
-2.3932327583055693
0.2642598449077393
-1.1113253803703698
6.469677649353789
2.618039013439564
4.1872251215145155
0.050279922830081834
0.7992096597309799
-0.14724000869820136
2.1365841839502866
0.16699624396334942
2.76069229482467
1.334159468134823
0.6208930547898995
2.1365841839502866
1.9760992407871945
2.9390088997657497
0.7992096597309799
-0.0032150560844834957
0.18783844279013337
1.0666845607232027
-0.14724000869820136
-1.043395243014921
-0.2706899634961038
-0.5381648709077241
-0.5381648709077241
0.37124980915626676
-1.7838337151536627
-0.805639771899947
0.6922196954824524
-0.6410398343092095
-1.474327037219299
0.2642598449077393
-0.14724000869820136
0.09965990731700185
-0.3941399182940063
0.050279922830081834
-0.2706899634961038
-0.5678843007849722
-0.5678843007849722
-0.9315103146761805
-0.805639771899947
-0.22731565297163067
-0.04142575714328609
-0.42802814357124563
-0.8619502793991719
-0.6719023214038355
-1.0731146793115673
0.09965990731700185
0.11141704709192501
-0.1942685613784979
-0.805639771899947
0.37124980915626676
0.4171026491429511
-0.9126297361484744
0.37124980915626676
1.8691092765386654
0.9775262582526628
-1.2737208582654331
-1.0731146793115673
0.4171026491429511
0.4171026491429511
-1.5189061852448704
NA
-0.8725085003577014
0.3465598169128068
-0.805639771899947
-1.46403954152109
0.050279922830081834
0.3465598169128068
-0.40081288865012576
-0.14724000869820136
-0.5381648709077241
-1.0501882561085267
-0.14724000869820136
0.3311285733654938
0.6463668554957681
0.5111597609229425
-0.9315103146761805
NA
-0.8986745239786139
-1.0909463410895548
-1.0001669802081243
-0.07497661739240548
2.671533992354129
0.2642598449077393
-1.2737208582654331
1.334159468134823
0.6208930547898995
0.4587870532159166
0.4171026491429511
0.37124980915626676
0.37124980915626676
0.09965990731700185
0.16699624396334942
0.9775262582526628
0.37124980915626676
0.7505778560490862
1.334159468134823
0.050279922830081834
0.20132457672932094
-0.1762870580187779
0.3465598169128068
1.690792678016984
-0.13313144353605227
0.16699624396334942
0.3205703524069643
0.6584333909829174
-0.2064959862308667
0.4587870532159166
0.09965990731700185
-0.027530957925430352
0.23369128919621523
-1.0001669802081243
-0.970239715910082
-0.8542715755818406
0.5317347523193596
-0.09237335855502336
-0.5295366482950716
0.6922196954824524
-0.6111125700111671
0.2642598449077393
-0.3404660243454056
0.4171026491429511
0.16699624396334942
0.5317347523193596
0.59345973292801
0.7505778560490862
1.334159468134823
1.6551293544610088
0.7992096597309799
0.7992096597309799
0.6922196954824524
0.3465598169128068
0.9775262582526628
1.0284738596643994
0.18783844279013337
3.803158596189864
-0.3941399182940063
-0.8725085003577014
-0.2706899634961038
-0.6719023214038355
1.690792678016984
0.7839253754558204
-1.0001669802081243
-0.04142575714328609
0.2642598449077393
-0.14724000869820136
0.7505778560490862
-0.0032150560844834957
0.09965990731700185
-0.2706899634961038
0.09965990731700185
-0.16369999924757633
-0.0032150560844834957
0.16699624396334942
-0.6719023214038355
0.3465598169128068
0.2642598449077393
0.9775262582526628
2.321759119356839
1.8691092765386654
2.321759119356839
-0.2706899634961038
0.37124980915626676
3.803158596189864
2.618039013439564
-0.708376170955557
0.8403596425238149
2.8155589449678473
3.7414336155812133
-0.2706899634961038
1.9177410802205606
-0.12479455886982023
-0.1942685613784979
-1.0001669802081243
-0.805639771899947
1.9177410802205606
-0.42599797052384575
-0.805639771899947
0.2440730601694358
-0.759122402280011
-0.04142575714328609
-0.8578300018071982
-1.105211667944186
-0.9768237134137115
-0.6037719180975124
NA
-0.36509286897342974
-0.6410398343092095
0.47302075169794905
-0.9393772288154559
0.08594324638605638
-1.063446912269877
-0.987750350027164
1.0872595585390181
-0.04142575714328609
-0.8986745239786139
0.4587870532159166
-1.2737208582654331
-1.6004223487875293
0.37124980915626676
-0.4490065684371843
-0.805639771899947
-1.2737208582654331
-0.805639771899947
0.3465598169128068
0.4171026491429511
-0.2706899634961038
0.8756310618485859
-0.3941399182940063
0.8403596425238149
-1.4170109888407936
1.827959293745831
1.334159468134823
0.37124980915626676
0.050279922830081834
-0.2706899634961038
0.4587870532159166
0.18783844279013337
-0.46327189529181523
-0.6410398343092095
-0.14724000869820136
1.0423686653016535
-1.3892213839856837
-0.12479455886982023
NA
0.5317347523193596
0.2642598449077393
0.16699624396334942
1.0423686653016535
-0.2706899634961038
-0.4712961424499697
0.2642598449077393
-0.8725085003577014
-0.04142575714328609
1.0284738596643994
-0.970239715910082
-0.04142575714328609
NA
-0.879425953476235
-1.2994395975109552
0.7227882576133741
0.09965990731700185
-1.2335996224746602
-0.8725085003577014
-0.8725085003577014
-1.194694182096904
-0.31654280348278746
-0.14724000869820136
-0.805639771899947
-0.9373197283919344
-0.6195702741620098
0.07819034716980214
0.3311285733654938
-0.6410398343092095
-1.0001669802081243
-0.4712961424499697
-0.3404660243454056
-0.31654280348278746
-0.6111125700111671
-0.14724000869820136
-0.6500180103889233
0.07819034716980214
-0.6719023214038355
-0.6833655297956575
-0.6833655297956575
-0.2706899634961038
-0.805639771899947
-0.2706899634961038
-0.6500180103889233
-1.3762529038597653
-0.3301288296699981
-0.3301288296699981
0.09965990731700185
-0.3941399182940063
-1.4170109888407936
-0.6833655297956575
-0.0032150560844834957
-0.5538986863474792
0.37124980915626676
0.2642598449077393
0.3465598169128068
-1.3892213839856837
-0.12479455886982023
1.0131895818086374
0.6922196954824524
0.4587870532159166
0.7227882576133741
0.16699624396334942
5.613757954623761
4.1872251215145155
0.9565478398061218
4.1872251215145155
0.2642598449077393
5.3462830472121405
0.6208930547898995
-0.2706899634961038
0.3311285733654938
0.20132457672932094
0.3465598169128068
1.0131895818086374
0.08594324638605638
-0.36509286897342974
-0.8725085003577014
-0.5240872408232188
-0.6930187633208945
-0.017292686168988873
-0.7521447929853816
0.4171026491429511
-0.07810803170039243
0.5171452137825504
-0.6629864905148417
-0.31654280348278746
-1.3817395695160226
0.13052239441162788
-0.6797692291237134
-0.4764398902990738
NA
-0.08407956730573013
-0.11538195646836193
-0.8401526623505562
-1.05253968791515
-0.7248926329467323
-0.729218369782341
-0.3366426824146697
0.13052239441162788
-0.1543965266074685
-0.22205815981421012
-0.2706899634961038
-1.4328223120886987
-0.22205815981421012
-0.18622420224726632
0.050279922830081834
-0.3080120401664194
-1.0001669802081243
-0.13695251299999242
0.9061996175601099
-0.708376170955557
-0.6719023214038355
-1.5698537866566071
-1.3817395695160226
-0.44470978308532155
-0.5538986863474792
-0.5381648709077241
-0.40285403244823936
NA
-0.21892062782018962
-0.8578300018071982
0.16699624396334942
-0.09237335855502336
-0.6410398343092095
0.11967881838535882
-0.07008378454223796
-0.49995416984892155
-0.31654280348278746
-0.49995416984892155
-0.027530957925430352
0.8403596425238149
-0.09237335855502336
1.1335532891809572
-0.09237335855502336
0.01735993531193435
-0.07008378454223796
-0.805639771899947
-0.027530957925430352
0.4171026491429511
0.8756310618485859
-0.6719023214038355
0.8403596425238149
-0.12479455886982023
-0.9584825761351587
0.5317347523193596
-0.3118399462889388
0.4171026491429511
-0.027530957925430352
-1.3892213839856837
-0.8667768961617909
-0.2706899634961038
0.5317347523193596
-0.3941399182940063
-1.0501882561085267
0.5317347523193596
0.8586485259048743
0.59345973292801
-0.49995416984892155
1.9760992407871945
-0.5381648709077241
0.14538211255995068
-0.9315103146761805
-0.3941399182940063
-0.49995416984892155
-0.0032150560844834957
-1.1877467824879757
0.4171026491429511
-0.8879397439050144
-0.6410398343092095
-0.5381648709077241
0.16699624396334942
0.13052239441162788
0.2642598449077393
0.5317347523193596
0.14538211255995068
-1.0001669802081243
-0.6719023214038355
-0.1762870580187779
0.8206076500129267
0.11141704709192501
-2.334067801413268
-1.4363174430524726
-1.1724624982128162
-0.46051086097445565
-1.0544536377667106
-1.0984544044765194
-0.9279140140042365
-0.805639771899947
-1.0573808638718123
-0.36894604826479854
-0.43445010905686005
-1.1144767782634795
-1.1113253803703698
-0.18440773736958038
0.13427204165646292
-0.23336788682578824
NA
-0.44470978308532155
-0.7427045037215286
-0.5725923320133889
-0.13313144353605227
0.012518759355271527
-0.3301288296699981
0.18195987932206933
0.6584333909829174
-1.194694182096904
1.1975765361442599
0.09965990731700185
-0.708376170955557
0.050279922830081834
-0.8542715755818406
-0.6410398343092095
-0.49995416984892155
-0.6330753196469001
-0.759122402280011
-0.6410398343092095
-1.6348119803823917
-0.9482930597044497
-0.805639771899947
-0.6037719180975124
0.5789362050580222
-1.0308818018968477
0.7323409312732255
-0.4712961424499697
-0.31654280348278746
-0.23502663994012857
-0.16369999924757633
-0.2706899634961038
-0.4712961424499697
-0.031669832512617895
-0.31654280348278746
0.16699624396334942
-0.13313144353605227
0.6463668554957681
0.23369128919621523
-0.18622420224726632
0.5317347523193596
-1.0731146793115673
-0.41658536812238744
0.38313758367492545
-0.5780015540554735
-0.3118399462889388
NA
-0.18622420224726632
-0.805639771899947
-0.31654280348278746
NA
-0.7427045037215286
-0.805639771899947
-0.07008378454223796
-0.07008378454223796
-0.7427045037215286
-0.2706899634961038
0.13052239441162788
0.3465598169128068
0.09965990731700185
-0.8667768961617909
0.4171026491429511
-0.49995416984892155
0.8403596425238149
-0.35515572474494134
-0.5240872408232188
0.5111597609229425
-0.4764398902990738
-0.3404660243454056
-0.14724000869820136
-0.805639771899947
-1.2919577830412938
-0.805639771899947
-0.12479455886982023
-1.0001669802081243
-0.8619502793991719
0.3465598169128068
0.3465598169128068
0.09965990731700185
-0.8667768961617909
0.050279922830081834
-0.07008378454223796
-0.04142575714328609
0.3901303876839728
1.0872595585390181
-0.07008378454223796
0.59345973292801
-0.31654280348278746
0.11967881838535882
-0.805639771899947
0.8756310618485859
-0.4712961424499697
0.09965990731700185
-0.4712961424499697
0.4171026491429511
0.20132457672932094
0.7992096597309799
0.7992096597309799
0.7992096597309799
-0.3776799277446313
-0.49995416984892155
0.20132457672932094
0.8586485259048743
-0.36509286897342974
1.0131895818086374
0.16699624396334942
-0.12479455886982023
0.5317347523193596
-0.5381648709077241
-0.14724000869820136
-0.2706899634961038
1.0666845607232027
-0.2706899634961038
-0.12479455886982023
-0.05381841729313557
-0.2706899634961038
-0.04142575714328609
1.334159468134823
0.8756310618485859
1.0666845607232027
0.5317347523193596
-0.2706899634961038
0.18783844279013337
0.4171026491429511
-0.6195702741620098
0.24779985435836432
-1.4311195540029427
-0.017292686168988873
