-0.4194200066983792
-0.8611837672354953
-0.15436175037610955
-0.6844782630206488
-0.15436175037610955
-0.5961255109132256
0.02234375383873689
-0.4194200066983792
0.2874020101610065
-0.5077727588058024
-0.5961255109132256
-0.7728310151280721
-0.24271450248353277
-0.5961255109132256
-0.15436175037610955
-0.06600899826868632
-0.331067254590956
-0.24271450248353277
0.02234375383873689
-0.15436175037610955
-0.5077727588058024
-0.6844782630206488
0.02234375383873689
-0.331067254590956
0.1990492580535833
-0.331067254590956
-0.5077727588058024
0.02234375383873689
-0.24271450248353277
-0.331067254590956
-1.126242023557765
-1.0378892714503418
-1.0378892714503418
-1.3913002798800347
-0.9495365193429185
-1.3029475277726115
-1.2145947756651883
-1.3029475277726115
-1.3029475277726115
-1.126242023557765
-0.4194200066983792
-0.331067254590956
-0.24271450248353277
-0.24271450248353277
-0.5961255109132256
-0.5961255109132256
-0.5961255109132256
-0.24271450248353277
-0.5077727588058024
-0.6844782630206488
0.02234375383873689
-0.06600899826868632
-0.4194200066983792
-0.7728310151280721
-0.5077727588058024
-0.5077727588058024
-0.5961255109132256
-0.331067254590956
-0.5077727588058024
-0.5961255109132256
-1.3029475277726115
-1.3029475277726115
-1.0378892714503418
-1.3029475277726115
-1.0378892714503418
-0.5961255109132256
-1.126242023557765
-1.0378892714503418
-0.7728310151280721
-1.2145947756651883
-1.3029475277726115
-1.3913002798800347
-1.3913002798800347
-1.2145947756651883
-1.3029475277726115
-1.479653031987458
-1.3913002798800347
-1.2145947756651883
-1.3029475277726115
-1.2145947756651883
-0.5077727588058024
-0.15436175037610955
-0.15436175037610955
-0.4194200066983792
-0.6844782630206488
-0.331067254590956
-0.6844782630206488
-0.6844782630206488
-0.6844782630206488
-0.5961255109132256
-0.24271450248353277
-0.5961255109132256
-0.5961255109132256
-0.5961255109132256
-0.4194200066983792
-0.4194200066983792
-0.331067254590956
-0.5077727588058024
-0.7728310151280721
-0.5961255109132256
-0.5077727588058024
-0.5077727588058024
-0.24271450248353277
0.2874020101610065
0.2874020101610065
-0.24271450248353277
1.0825767791278156
0.02234375383873689
-0.24271450248353277
-0.4194200066983792
-0.331067254590956
-0.6844782630206488
-0.7728310151280721
-1.126242023557765
-0.6844782630206488
-0.5961255109132256
-1.0378892714503418
-0.6844782630206488
-1.0378892714503418
-0.6844782630206488
-0.5077727588058024
-0.4194200066983792
-0.06600899826868632
-0.06600899826868632
-0.4194200066983792
NA
-0.331067254590956
-0.24271450248353277
0.11069650594616011
-0.24271450248353277
0.2874020101610065
-0.24271450248353277
0.1990492580535833
0.46410751437585296
-0.6844782630206488
-0.24271450248353277
0.46410751437585296
0.1990492580535833
0.02234375383873689
0.8175185228055458
-0.24271450248353277
NA
0.46410751437585296
0.2874020101610065
-0.331067254590956
0.6408130185906994
0.37575476226842974
0.02234375383873689
-0.5077727588058024
-0.331067254590956
-0.7728310151280721
-0.5077727588058024
-0.5961255109132256
-0.6844782630206488
-0.6844782630206488
-0.331067254590956
-0.5961255109132256
-0.6844782630206488
-0.6844782630206488
-0.4194200066983792
-0.5961255109132256
0.2874020101610065
0.2874020101610065
0.11069650594616011
-0.24271450248353277
-0.5077727588058024
0.1990492580535833
-0.5961255109132256
-0.7728310151280721
-0.6844782630206488
-0.5077727588058024
-0.5077727588058024
-0.331067254590956
0.11069650594616011
0.37575476226842974
-0.331067254590956
0.02234375383873689
0.37575476226842974
-0.331067254590956
0.905871274912969
-0.24271450248353277
-0.5961255109132256
-0.15436175037610955
-0.4194200066983792
0.8175185228055458
-0.06600899826868632
-0.5961255109132256
-0.331067254590956
-0.15436175037610955
-0.4194200066983792
-0.331067254590956
-0.331067254590956
-0.24271450248353277
-0.24271450248353277
-0.5961255109132256
-0.24271450248353277
-0.6844782630206488
-0.4194200066983792
-0.15436175037610955
-0.5961255109132256
-0.5077727588058024
-0.331067254590956
-0.06600899826868632
-0.24271450248353277
-0.5077727588058024
0.6408130185906994
-0.331067254590956
-0.24271450248353277
-0.4194200066983792
-0.4194200066983792
-0.4194200066983792
-0.5077727588058024
-0.331067254590956
-0.5961255109132256
-0.331067254590956
-0.15436175037610955
-0.5077727588058024
-0.5961255109132256
-0.24271450248353277
-0.24271450248353277
-0.8611837672354953
-0.6844782630206488
-0.8611837672354953
-1.0378892714503418
-0.8611837672354953
-0.8611837672354953
-0.6844782630206488
-0.5961255109132256
-1.126242023557765
-0.8611837672354953
-1.126242023557765
-0.7728310151280721
-1.2145947756651883
-0.8611837672354953
-1.126242023557765
-0.6844782630206488
-0.7728310151280721
-0.9495365193429185
-0.9495365193429185
-1.126242023557765
1.7893987959872013
0.11069650594616011
1.701046043879778
0.5524602664832762
-0.24271450248353277
0.1990492580535833
0.5524602664832762
0.6408130185906994
1.0825767791278156
NA
0.02234375383873689
0.1990492580535833
4.086570350780205
0.5524602664832762
0.37575476226842974
2.4078680607391636
0.46410751437585296
2.231162556524317
3.6448065902430886
0.46410751437585296
-0.5077727588058024
-0.5077727588058024
-0.5077727588058024
-0.6844782630206488
-1.0378892714503418
-0.7728310151280721
-0.5077727588058024
-0.7728310151280721
-0.24271450248353277
-0.5961255109132256
-0.8611837672354953
-1.0378892714503418
-0.5077727588058024
-1.126242023557765
-1.126242023557765
-0.9495365193429185
-0.5077727588058024
-0.6844782630206488
-0.7728310151280721
-0.8611837672354953
-0.5077727588058024
-0.15436175037610955
-0.5961255109132256
0.1990492580535833
-0.4194200066983792
-0.331067254590956
-0.5077727588058024
-0.6844782630206488
NA
-0.331067254590956
-0.4194200066983792
-0.5961255109132256
-0.331067254590956
-0.5961255109132256
-0.15436175037610955
-0.4194200066983792
-0.331067254590956
-0.24271450248353277
-0.4194200066983792
0.02234375383873689
-0.24271450248353277
NA
-0.5077727588058024
-0.15436175037610955
-0.5077727588058024
-0.331067254590956
-0.331067254590956
-0.331067254590956
-0.331067254590956
-0.4194200066983792
0.11069650594616011
-0.4194200066983792
-0.4194200066983792
1.5243405396649317
0.6408130185906994
1.0825767791278156
0.1990492580535833
-0.5961255109132256
-0.331067254590956
-0.15436175037610955
0.8175185228055458
0.11069650594616011
-0.15436175037610955
-0.4194200066983792
1.1709295312352388
1.0825767791278156
-0.24271450248353277
-0.06600899826868632
-0.06600899826868632
-0.06600899826868632
0.46410751437585296
-0.06600899826868632
1.1709295312352388
0.11069650594616011
-0.4194200066983792
-0.4194200066983792
-0.331067254590956
-0.5077727588058024
-0.4194200066983792
-0.06600899826868632
-0.5077727588058024
-0.06600899826868632
-0.6844782630206488
-1.3029475277726115
-0.24271450248353277
-0.5077727588058024
-0.6844782630206488
-0.5077727588058024
-0.5961255109132256
-0.5077727588058024
-0.5077727588058024
-0.5961255109132256
-0.8611837672354953
-1.0378892714503418
-0.7728310151280721
-1.0378892714503418
-0.8611837672354953
-1.0378892714503418
-0.7728310151280721
-0.8611837672354953
0.1990492580535833
0.2874020101610065
-0.24271450248353277
-0.5077727588058024
0.37575476226842974
0.02234375383873689
-0.331067254590956
0.1990492580535833
0.11069650594616011
0.46410751437585296
0.1990492580535833
0.9942240270203923
1.259282283342662
2.0544570523094707
0.5524602664832762
0.11069650594616011
0.46410751437585296
0.11069650594616011
0.905871274912969
0.2874020101610065
NA
3.733159342350512
2.0544570523094707
1.4359877875575084
2.142809804416894
0.9942240270203923
2.84963182127628
2.58457356495401
3.5564538381356656
2.496220812846587
0.02234375383873689
-0.06600899826868632
0.7291657706981226
0.02234375383873689
0.37575476226842974
0.2874020101610065
0.6408130185906994
0.2874020101610065
1.0825767791278156
1.5243405396649317
0.46410751437585296
0.7291657706981226
1.8777515480946245
0.46410751437585296
3.1146900775985493
2.0544570523094707
2.3195153086317406
3.2913955818133958
NA
1.9661043002020477
0.1990492580535833
0.1990492580535833
0.2874020101610065
0.1990492580535833
0.46410751437585296
0.02234375383873689
0.02234375383873689
0.11069650594616011
0.02234375383873689
0.11069650594616011
-0.06600899826868632
-0.331067254590956
0.5524602664832762
-0.331067254590956
0.5524602664832762
0.02234375383873689
-0.24271450248353277
0.11069650594616011
-0.06600899826868632
0.11069650594616011
-0.24271450248353277
-0.06600899826868632
-0.6844782630206488
-0.5961255109132256
-0.331067254590956
0.37575476226842974
-0.06600899826868632
0.11069650594616011
-0.5077727588058024
-0.15436175037610955
-0.06600899826868632
-0.331067254590956
-0.5077727588058024
-0.24271450248353277
-0.331067254590956
0.02234375383873689
-0.15436175037610955
0.02234375383873689
-0.24271450248353277
-0.6844782630206488
-0.24271450248353277
-0.24271450248353277
-0.5077727588058024
-0.4194200066983792
-0.5077727588058024
-0.6844782630206488
-0.06600899826868632
-0.6844782630206488
-0.5961255109132256
-0.6844782630206488
-0.5961255109132256
0.11069650594616011
-0.4194200066983792
-0.331067254590956
-0.24271450248353277
-0.331067254590956
-0.24271450248353277
0.11069650594616011
-0.15436175037610955
-0.6844782630206488
1.5243405396649317
2.58457356495401
3.468101086028242
3.733159342350512
2.58457356495401
3.0263373254911263
3.821512094457935
3.9982175986727815
3.468101086028242
4.174923102887628
4.086570350780205
3.1146900775985493
3.5564538381356656
4.086570350780205
5.500214384498976
3.5564538381356656
NA
3.1146900775985493
3.9098648465653585
4.086570350780205
0.1990492580535833
0.1990492580535833
-0.4194200066983792
0.6408130185906994
0.8175185228055458
-0.4194200066983792
1.8777515480946245
-0.331067254590956
0.46410751437585296
0.2874020101610065
0.37575476226842974
0.9942240270203923
1.7893987959872013
1.6126932917723549
0.5524602664832762
0.1990492580535833
1.6126932917723549
0.37575476226842974
-0.24271450248353277
1.0825767791278156
0.46410751437585296
-0.06600899826868632
0.37575476226842974
-0.15436175037610955
0.11069650594616011
0.8175185228055458
-0.15436175037610955
0.7291657706981226
-0.15436175037610955
1.0825767791278156
0.11069650594616011
0.9942240270203923
0.1990492580535833
0.02234375383873689
0.37575476226842974
0.37575476226842974
0.2874020101610065
-0.4194200066983792
-0.06600899826868632
-0.15436175037610955
0.7291657706981226
0.37575476226842974
0.2874020101610065
0.37575476226842974
0.6408130185906994
0.11069650594616011
NA
-0.15436175037610955
0.2874020101610065
0.02234375383873689
0.02234375383873689
-0.15436175037610955
-0.06600899826868632
0.11069650594616011
-0.24271450248353277
-0.331067254590956
-0.15436175037610955
-0.06600899826868632
0.02234375383873689
-0.06600899826868632
0.2874020101610065
0.1990492580535833
0.8175185228055458
0.2874020101610065
0.8175185228055458
0.46410751437585296
0.11069650594616011
0.11069650594616011
-0.24271450248353277
0.8175185228055458
-0.331067254590956
0.02234375383873689
-0.24271450248353277
-0.24271450248353277
-0.331067254590956
-0.15436175037610955
0.2874020101610065
0.02234375383873689
-0.24271450248353277
0.37575476226842974
0.02234375383873689
0.02234375383873689
-0.15436175037610955
0.11069650594616011
0.46410751437585296
-0.24271450248353277
0.11069650594616011
-0.15436175037610955
-0.331067254590956
-0.15436175037610955
0.46410751437585296
0.2874020101610065
-0.24271450248353277
-0.24271450248353277
-0.24271450248353277
-0.24271450248353277
-0.4194200066983792
0.2874020101610065
0.02234375383873689
0.02234375383873689
-0.5077727588058024
-0.5961255109132256
-0.6844782630206488
-0.331067254590956
-0.6844782630206488
-0.4194200066983792
-0.8611837672354953
-0.15436175037610955
-0.5961255109132256
-0.6844782630206488
0.37575476226842974
-0.331067254590956
-0.24271450248353277
-0.5961255109132256
0.11069650594616011
-0.15436175037610955
0.2874020101610065
-0.06600899826868632
-0.15436175037610955
0.46410751437585296
0.6408130185906994
2.58457356495401
1.0825767791278156
-0.8611837672354953
