1.2590166461145125
1.9418120491193576
NA
1.6632075927060386
3.1146236730272787
2.4834049639163456
NA
1.886064817599053
-0.21927901957021356
3.5860637549087393
0.14246651550939765
0.11275849034214767
NA
-1.1789103201753814
-0.056521436893316776
0.2715274084620732
0.3122732474976701
-0.20039557777612665
-1.7942370859099563
NA
0.5712103264728434
0.2910003698604922
1.8585267262945584
0.2828286247068246
-0.39325628918487876
0.7259215936991208
0.17206792542905477
1.0540456968763412
NA
NA
-2.0650147288529928
-1.326214963436592
-0.9960024557035996
-0.9832148974777133
-0.8626267809660242
-0.7321673468243469
-1.33281256581699
NA
-0.48500184548035896
-0.46413034289294
0.34791409761915565
-0.05869137075607206
-0.868340103939924
-0.3562294408446969
0.23560434150872694
0.09228209131933401
0.1215511125259108
-1.4503527405445793
NA
NA
-0.7463597177243858
-0.3086100540819939
0.2177933236757123
0.43020852578986474
0.47481132819423033
-0.45923858447401333
-0.5285259524384996
-0.30252044199894496
0.33895214533627643
-0.4662312904190176
1.63809656615555
0.5502232479398458
1.5489097758022767
0.8673122264615531
0.3003072538267571
-0.01802706102745724
0.489536775332229
0.3921594253698302
0.6974678655623655
1.2020025745934089
1.149202941094766
NA
0.6013761700562229
0.1810173347416295
NA
1.414192003242073
0.6824978305034204
0.4020871863661897
0.9423317318553963
0.9529556277036808
-1.0981147769561126
-1.7634315508410248
-1.0686513397098099
-2.1770109107057984
-0.8868409851397101
-2.1698426031765257
-0.850347213037488
-0.7325122785077326
-1.3655246323722725
NA
-1.7163452403162816
-1.4726541417467622
-1.3403885198811738
-1.1491521231269117
NA
NA
-1.1967338809787005
-0.4881564025120517
NA
NA
2.060211417312835
1.1195388163235838
-0.22158274528346025
NA
NA
NA
1.988053801315964
1.7313410074024704
NA
NA
1.903004098995874
-0.004856942207271035
-0.5804852069267123
1.0435158733053442
NA
NA
NA
NA
1.6254156231772556
-0.45386392169834655
-0.5764338275182169
-0.5231701041182909
0.38993304814070345
-0.09996276024744526
NA
NA
-0.5985345411955197
NA
-0.7744434282371456
NA
-1.340363433940564
-1.005591556501725
-0.4100764123638024
-0.37363908362795256
NA
NA
NA
NA
-1.6657029977100875
-0.7922042741889407
NA
NA
1.1353868593038743
1.2891448607869769
NA
NA
1.9801684523118628
1.2350156724360106
1.8042282078444754
2.0597849563224675
0.09379979072623129
0.6505885140476535
-0.31027199764739827
-0.9195781376356019
0.09041946022905015
-0.3896313707667512
-0.15412456032120486
-0.8215297387618888
-0.3097263784391331
-0.08216553968176599
0.6858342606045337
1.1577948757536496
NA
NA
NA
NA
0.8403197543653227
0.31887712136322083
0.3394664071187791
-0.10064760642609488
NA
0.41183934577828046
NA
NA
-0.3897818864104101
-0.05312856342583116
0.17691578345191447
-0.6451065899377613
NA
1.2617384706706838
0.108098776873863
-0.7046104410643942
-0.7401133185125262
-1.1749091126481057
-0.09908600662312975
1.4117273095771516
0.33386597087762304
-0.14335642031441412
NA
NA
0.20123242355548668
-1.144624110846829
NA
NA
NA
-0.609967458628473
-0.07309070066614216
0.2411546058686625
0.37192761426796295
-0.8340601660965241
0.7678715578839919
1.6542581833934646
0.3506233792050225
NA
NA
NA
-0.6469315921171299
0.017375472658234532
0.05040738495629334
NA
1.0035602413989597
0.7735974238281962
0.6159385585802581
0.8161933509837717
1.5322150823264014
0.7679719016464311
0.64425682263772
0.23588655834058764
-0.6426920681540604
1.4806822888285576
-0.03810835648566555
-0.4028077610720901
1.2828211115858406
-0.10540766365681885
1.2214504500512182
0.5691219219170712
NA
NA
0.6256405461111284
1.5565547162031372
1.0320265125060195
2.1656099967852427
0.3315956932524294
1.7621653569268596
-0.004568453890257651
2.235875716433515
-0.22529337383143214
0.6439783686969501
1.3059210835698334
0.2736220845029981
NA
NA
NA
NA
-1.6256846509521776
0.306271436206756
NA
NA
NA
NA
-2.006043953964319
NA
NA
NA
NA
NA
NA
NA
NA
NA
-0.7509379018856892
-0.6297351798290572
NA
NA
NA
NA
NA
-0.5528028714637104
0.2663659761815912
0.6715039170311403
0.47776519770104364
0.36941274872182195
0.8902721336047452
NA
-0.31004622418190897
0.3626395447571552
1.1683748712058661
1.0584106505424606
0.8583314597232159
0.20840491040246528
NA
NA
NA
0.6067132039209745
0.3955209414115542
-0.2609843958341382
NA
NA
-0.48476352904456527
0.9084468975766027
0.05543711604857354
-0.702710181063196
-0.15120831972530582
0.3807892227884028
-0.23749141245298622
-0.7600691842676853
0.3052742700675132
-0.5520377502751087
NA
NA
1.2917976990064712
NA
1.0598907210384436
-0.8662203419583893
-0.8021508496407573
1.7201087774943975
-0.36113374223392797
NA
1.3530262085500346
0.5965972983700408
NA
NA
NA
NA
-0.4080005507783346
0.31713991997598695
-0.10896359573826962
0.17356681038049493
-0.09035609929089163
-0.3156341174527597
NA
NA
0.958198589291145
-0.21022299501004688
NA
NA
NA
NA
0.5341270347662892
1.0791755378822876
NA
NA
1.3279841683362228
NA
0.31793012710519764
0.06285001149879296
1.0662625499533525
-0.3492053774739301
NA
NA
NA
NA
1.3787643836157704
0.7947825006732393
1.3766634360896928
1.4305166790939519
-0.15157206586414956
1.254802208092053
1.4206704474045737
0.9978782758508215
1.5337578676739094
0.972196544151458
-0.04175208935925026
-0.06643665491937183
2.044783563837759
-0.6823592117434315
0.9375215027434527
-1.2309573754557281
-0.24081529958379505
-0.16529407537775362
NA
NA
-0.5590304562201129
0.5274353601086037
1.3822952297566113
0.14947803590985906
-0.8210907348012165
0.06436771090569113
0.12106193668401796
0.4148057582553991
1.2699102158243523
0.7684046341219517
NA
NA
0.025308901376109288
-0.13354154605079924
NA
1.3251808144730686
-0.8204447718305121
-0.041300542428272594
NA
NA
NA
NA
NA
NA
NA
NA
NA
NA
1.7532661194955055
1.142624153169825
NA
2.1358455282516204
NA
1.6758070063773507
1.418481699086362
1.9140042839533067
NA
NA
NA
NA
NA
NA
NA
NA
NA
NA
NA
NA
1.1349415838580494
1.5173892914259635
-0.14091681259010347
-0.2661207421740103
0.704498200418284
NA
-0.7159994581012796
-0.7175359719636348
-0.27671955208168414
0.6473703440877625
0.7109202012144132
0.725683277263327
-0.22826605779370257
-0.3530058974763273
NA
1.1481995034703705
-0.21994379699637515
-0.04336386104343504
-1.142805380152613
0.4055992180515735
NA
1.0233091481440868
-0.4340773860423043
NA
-0.5798706013817704
-0.7685607751641289
-0.749232057924217
-0.44211743000777104
-0.9905122184875116
-1.388302666446043
-1.6854895333661297
-0.6089389350634676
-0.2188023866986261
-0.5312164195689093
NA
NA
-0.7859892324028426
-1.3145311865975406
-0.9094747750549736
-1.4699260457054377
0.5009257923691144
1.1808049547780612
1.5820733892885366
1.2976113657428112
0.40401253230799855
0.4936822270180119
0.5950545130225338
0.2534467167675032
0.30225768570917577
0.717480174683897
NA
NA
0.23932333220414112
-1.1814251857215214
-0.5541951411675586
1.1763333858643499
-0.9164988384257395
-1.0086206838303688
0.5081129143538444
-0.7177680169142759
NA
NA
NA
NA
NA
NA
NA
NA
NA
NA
NA
NA
NA
NA
NA
NA
NA
NA
NA
NA
1.1335681286096584
-0.6133415176405015
NA
0.4097446697373555
NA
NA
NA
NA
NA
-0.1795052607332496
NA
-0.28778245189064094
NA
NA
NA
NA
NA
NA
NA
NA
0.309168862347197
NA
NA
-0.6303435138888474
0.3803502188277296
0.11780076440473324
-0.6567276519252876
0.5431266159600836
-0.6174806978411317
0.13690370817915676
-0.7656031427662247
0.5228258185215386
-1.265638688348886
-0.025477585388591833
0.07140431724676234
-0.26020046019007925
0.11084568737064505
-0.609101993677432
-0.6349530554759124
-0.7139424109712699
-1.9078387679617943
-1.1954043261263765
-1.1470449041156825
-1.115336275184795
-0.6145268283343184
0.8739098288419511
NA
-1.2827723857854336
-1.012722235120084
-1.46269502332464
-0.3803495727410952
-1.3036501598580057
-1.1065060240901177
-1.4846075924473694
-0.00500745785092996
-1.4105413527967012
-0.8520969573950272
-1.6405355277932263
NA
-1.5848008392432271
-0.26208817722097205
-1.0075419883841439
-0.008519489536312888
1.3435437229995002
0.06750345348192585
-1.4027270822967237
NA
NA
-0.6375996222102543
-0.5446248548248902
-1.7110207494218344
NA
1.00290173545795
0.4562101032320041
0.11363649826349408
0.2282353464545745
-0.9905838925318649
-0.1321053759508832
-1.2766827737023856
-0.4225629393023698
-1.405091432199205
-1.2133721310882026
-1.12629255974616
-0.16287328210890012
-0.1182140363381622
-1.347149180875536
0.3044589769976927
-0.6977494363075927
-0.7802696379437901
-0.6089075776377052
-1.85887101189131
-2.0054607058451395
0.011662149684334707
-1.4471103827207528
-1.4574959621332426
-1.378531692578495
-2.1952044891331135
-1.7692201316367544
-1.5449141936735193
-1.3608523759336826
-0.15350368329111022
-1.6719870258328624
-0.48122013993341983
-1.391068391398282
-1.6326522709565716
-0.6173928970489969
-1.5503327568452532
-0.7459081707934081
-0.1339052921896421
-0.8194538771764219
-1.7444226793438886
-0.9506282606254804
0.187815624646907
-0.2749196358429252
-0.4096875802843497
-0.4381224939656479
-1.591580314693047
-0.4592573989294705
NA
NA
-1.2311643344657597
1.3524241459753972
NA
NA
