0.18904319590303156
1.1554595858122754
0.3613430952669907
-0.04172424494857943
1.5230461449377262
1.4228030353083376
NA
-1.6063236316426446
-0.7754450435598369
-0.18506431521437966
0.3598044247069798
0.05020822514537706
-0.6345055076028089
0.3685891183833904
-0.8846412329334696
-0.2539436676860848
0.37600489996212977
0.22996365942759583
1.2535142404118083
0.34774923690933185
1.0820023791924955
NA
1.7218481134318537
1.3237969637858336
0.4073198183158982
0.27194404060447874
0.26487521241366374
-2.1818425793278533
0.7408344426466109
NA
-1.0269479575160005
-0.10772014691919841
0.8115206322737343
-0.2116148401546462
-1.4141298207044501
0.9291493312332844
1.0960978069597627
1.2353078173184533
1.6604202141572848
1.422268414950976
1.7851887405592586
3.138314038850073
0.819862982278567
-0.36054049931352034
1.5249594047264179
0.1329834691528801
0.6791814068410191
-0.5448575849776885
0.3273783029920497
0.9037312232560537
0.7444195697332597
0.7189690491312993
0.5109988399322917
0.2344324844567104
1.1635145166900092
-1.1606150579683374
0.6244037412484678
1.5569186108795352
0.039253353755070414
1.2040941228115418
0.08111564517227214
-0.14654959542372048
0.004443982100397068
-0.38924772271313324
0.01663639516352889
-0.8340982022907677
-1.2974855541532364
-1.1304577277822352
-0.11130183060774895
0.293322336911662
0.32435640377301483
-1.345540064750607
-0.8973150302136548
-0.25258030899873407
-0.5435798786016163
-0.722424216698627
-0.07886780077978316
-0.3728488531154808
0.7943551048065435
-0.20538337120089906
-1.5070728909045419
-0.6892699421775411
-0.9694914523218852
-0.46758980621744056
-1.511424902820026
-0.8739376941418968
-1.7143734035015539
-1.0293087207540574
-0.4170644748537344
0.5676122587133061
-0.681981598244564
-1.5998399116142548
-0.7850815083887306
-0.8121499544467711
-2.7519435227378026
-1.3585020932466276
-0.031901726689004865
-1.2914136269471854
-0.8208284276255322
-1.500946681417667
1.5176665677085903
-0.3454518905662303
0.07946949165351758
1.1881963296962728
-0.06808924839402015
1.2723112612456047
0.645563475751788
0.7928656808679352
2.372917555896102
1.9873824526332815
1.8522501987022526
0.7125071774815696
0.1109013968866291
-0.27666292463490827
0.5495727109899616
0.7361341829659567
-1.7490515855895716
0.9162436489292033
-1.4908584009127477
2.513667751058871
-0.3577885717255585
-1.2512592007003285
0.366458463503476
0.285643740012211
0.11167853034626024
NA
0.08420098306130479
-1.0826246762660148
-1.6293146510732512
-1.0622935807979896
1.6094377264815742
-0.24771516693440518
0.037235575663463284
0.5941839050532332
1.1804075050490697
0.608568996716904
0.060245120646760165
NA
-0.31820541621643433
1.4561021134077134
1.1817168687009583
NA
1.5878852105433525
0.284440756438728
1.4242995091701378
-0.10262007006540794
0.27664490314576823
2.086998799976603
1.8256197840891302
1.5431365110617143
1.4873261983949828
-0.09209238926730534
NA
-0.12514295757421462
-0.5684210312199504
0.1373662943392909
0.8446030670845618
-0.0029518554300409206
0.11418339500727863
0.5116864166714727
1.2662904034278168
2.1222026623533896
-0.38257367603603337
0.3813437840984027
1.7119019378173226
-0.3304400224315382
0.29489876427861894
1.0467765797810717
0.5100976874013229
0.5133370880987507
-1.6141553125885195
-1.435041690830807
-0.7991256930020224
NA
-1.1767247601430504
-1.247641990789181
-2.1296562179726637
-1.4240922735561268
-2.2635328905129244
-2.179906180329495
-0.31125189044142265
-1.8306016855758962
-1.470961769373177
NA
-1.5234425501313082
-1.6146355371854095
-0.24581797870099553
-0.8929216691510874
-1.021199390569611
-1.5910105849734202
-1.786237604086914
-0.7368579095681971
-0.7364156474601166
NA
0.24087669228983438
-0.004735950554562713
-0.9001277935321664
-1.4284548922725477
-1.2900646092504697
-0.16692869987572695
0.31720703340136286
1.970034066896776
NA
2.4596274088466052
-0.29006008375232006
-0.6716615639265918
-1.1735569012718023
-1.0225890375268873
-0.4852600237845853
0.4883554228513521
0.8050633530035481
-1.4384034013123603
-0.25234150880872946
-1.1554529751251166
-0.588632508499273
0.5154704381203268
0.8545626191127125
-0.7163318347858546
-0.831226528849498
1.6222219394601798
-0.37073082993899037
-0.23579157652090105
1.581330232387905
0.19003957204441907
-0.23627651761570073
0.07106795137304463
2.1411158792552265
0.7283280845884412
0.406519648487532
0.04745077606324705
-1.304948319852877
-0.10183445045577955
-0.1805498252652826
0.9013540763936804
-1.7170227242094378
-1.4419102097100434
NA
-0.8007433347589802
-0.7818872938690161
-0.42506984704103196
0.2233369266716266
0.6494880913932037
1.1361548286591978
-0.5335864777219296
1.5362125999288374
1.5560707689598952
1.3757138783533258
-0.48901541999199377
-0.8910349281378583
NA
0.19435216396685165
-0.5805013370286449
NA
1.6134276390222388
-1.3516178609822518
-1.6623617901670187
-0.46445754094733194
0.7842179854977106
NA
-1.4325858919329997
0.6181213908571265
0.6433433279837265
0.15739387075502445
-1.506895500935811
NA
NA
-0.057087914179948705
-2.6318053702839297
-0.06631548346379153
1.8942482756118921
-1.6397020958489343
NA
NA
-1.2012701564263288
-0.33474985183376743
0.008428965368811492
-1.6034448054372537
0.9767217767357084
-0.9641540753371992
-1.547629251429236
-0.7732243886795941
0.7656775386039342
-0.4498097084339683
0.31556433746566304
1.2263676778004275
-0.07151543659360726
0.8929059562635552
1.0294640075125254
0.0892453768698548
2.1575949966958765
0.8122235464967175
NA
0.8175873465084114
0.26537145182601063
1.3650857077798455
0.531388182376376
1.0160756182442332
2.3496978324180082
1.5786444492503215
0.20698416527383506
0.4114641128264709
NA
1.132720441554975
-0.59041976332277
-0.14626148832625113
0.5950608048554792
-0.3838215301719551
-0.7857373994821839
-0.26893204198720705
0.030092716186669467
-1.372904327429767
0.8136200837964279
1.4498248341381843
-0.3088941308678235
-0.3407244241397423
0.13058299513017094
1.2636079076538134
1.1260417776746579
0.8251074123382905
1.1773608069805013
0.26338612891400204
1.309423847771364
0.14806162358751085
0.06782234475731526
0.883828038266756
-2.040548554224963
0.7972288634363619
0.696198471011241
1.650005388870055
NA
0.5514897475232197
NA
0.5995601523639205
0.2841692634711115
1.0466766077565928
1.0509190160623936
-0.06190265709519119
1.6606246548373327
0.615493269566161
NA
-0.2638937299785918
-0.2205179321135323
0.43353654286880067
-0.434774828754214
3.191206715271475
0.3182138213005416
0.03637414810210255
-0.018624015540821513
-1.0392768404957027
-0.12148305449139142
1.6830853590447579
1.1502368835590855
0.7860168897164195
-0.11291622755599486
1.4808650927328837
-2.2557551868713173
0.8624726896723326
-0.35666197059453175
0.005517801009710104
0.9128703209685887
-1.2763184328340185
-1.5904389347881114
-3.0550632507835918
-0.26862597318905324
1.319307113105514
-0.0011898923833016035
0.3826376790556445
-1.1497664035294402
-0.6822683258550508
-0.6299655343800463
-0.31077052040932585
-0.23393017693177628
0.36998430811226923
-0.14658740187801395
-1.2972449241038932
-0.8841013144949973
0.22188400771758732
0.5035285562059088
-0.24105031565510807
0.1838209511146756
-0.855561572872267
-0.21468287948969264
0.21311879707840467
-0.12828141457766912
0.57140852177929
0.2421655374026977
-0.7111066182491926
-0.019289460202220117
-1.3207561271527735
-0.8669765510454503
0.20792803580015318
-0.23690425866373757
-1.2744566786209905
-0.23670264078995756
-0.5243542309488073
NA
0.7932453944120139
-0.5069544566625269
-0.5742479594101737
0.46320781134857014
-1.2732278323262662
-0.8324511338423434
0.1516420980085523
NA
0.024583708325437322
-0.9581573461297682
NA
NA
-0.06875533847092198
0.20489787029794101
-0.4617476894854548
0.2826473843529054
0.7138794904224696
0.11606530249671064
-0.29024125755809593
-0.7508910582856289
-0.4214438211796577
-0.66065645296795406
1.6467107413147881
-0.028756574386262352
0.49353614827315057
-0.0520058132117984
0.19895339137636942
1.1980509307803462
-0.24774388792430466
1.1461363319069398
1.0705364983042829
-0.6550702470292892
-0.5636311332553486
0.18704198584016996
0.33900289580802473
1.1751739193882986
1.1553867176926975
0.7852392881532371
2.422840508913311
-0.0687051343649818
-0.10081101651059642
-0.08494227063921841
1.673207998198594
-0.12980953507656695
-1.3231079964233448
-1.0094555909286609
-0.779119762829325
-0.5967745598312444
-1.14488650556451
-1.0731316993607305
-0.7770670436445611
-0.7581845407189596
-1.1704054366635879
-0.7151009423112102
0.2954693718696528
0.2825087831466784
-0.2172117025415944
0.5857246568250334
0.4817443963880438
0.5025500743866633
0.29921235978669725
1.25796980959943
-0.4859883148940637
0.5494377517712177
-0.12532218804100217
0.3182380279281563
-1.0572214376690343
-0.6186485210600514
-1.5124495992263025
0.8788362351830128
0.38413048610628653
0.45461934526261605
0.3191899661482662
0.4250502900303927
NA
NA
NA
NA
NA
NA
NA
NA
NA
NA
NA
NA
NA
NA
NA
NA
NA
NA
NA
NA
-0.9442844235841645
-0.9148784847085787
0.6107020382156843
0.12859032795713182
-0.8716204751728823
0.6191608112478542
-1.2320083853891277
-1.134602139318696
-0.760463304271939
-0.7570356479293934
-0.3161290542560608
0.6860664441016545
0.9532226060758553
NA
-0.33011014418454077
-0.9023267560682658
-0.11717721460807048
-0.6440383513272625
-0.3040763701031677
NA
0.427532373651886
-0.35393441630741945
0.17217657737739464
-1.4926706567214025
-0.21280959999981977
-1.4368543225407984
-0.0038967295420039385
0.9739515541005942
0.014005993640867862
-1.2737123159562311
-0.7055313347267382
0.7534798345521704
-0.18723934063703004
-1.253217887810987
-0.7012931996389677
-0.3538611935639393
-1.020548098948179
-0.21903794471698176
1.1032157966622427
-0.5860703259768217
-1.0904228346143439
-1.192756554992525
-1.3977272311020559
-1.5433578632580862
-1.3879035071212116
-0.8414497650269227
-2.662780534115004
0.5305413334036645
-0.3195923432083744
-2.989836276275489
0.9427643003518857
0.4687267380403687
-0.7438290317812721
0.09225311595644431
0.457636049241472
0.11182986255060273
1.4305305277515272
-0.8010431834538759
1.2639188099757634
0.5487672501729636
0.12449182248490769
-0.25882034921221514
0.6811885639467322
1.0958185264512372
0.5007726674689517
1.3256205462819477
1.505640384599964
1.6539576332597503
1.188009460630616
0.6050995160312452
0.2645582531154502
0.3755738368769048
1.8879358921222114
0.4601445665286914
-0.3152305117570179
0.685560654667601
-0.23454978645371907
-0.9829533905876479
0.444372047853377
0.354145237169089
-0.4296273954244242
-0.8582377066934521
0.5544798015157698
0.31209351984788986
-0.5080856359881415
-2.2558319381226317
-1.2178088648676295
0.32408840739708167
0.9799992569478346
-2.0068900293375624
-0.515510917941241
-1.1077691458010166
-0.39741856950602356
0.30918521375744645
-0.025912185708086014
0.9547416021017305
-0.06334206133228919
-1.0534743751233449
-0.30056447285247767
-0.2582475571379388
0.3830491527164704
-0.40462898129008956
0.814233689535694
1.1401586956504435
0.008192264552312001
NA
-1.175268135369225
0.1385766292662815
0.9176923833211873
-0.3666397715687269
0.143663301336541
-0.8388603225650509
0.700262783646744
1.2543910019107325
-0.4107493004739364
-0.38551541606804574
0.3242665066136181
0.21733926125709152
1.1534919515405455
-0.739423290798253
0.694362522779631
-0.46083405773934116
0.7141996306970927
-0.8723568091524795
