0.5251563227628434
-0.3245993147979392
0.7500628781586773
0.9309659770640228
-1.658392973754105
0.1574829974200878
1.2086766802484443
0.2533127471104867
0.6923694574267023
0.32762969584998025
0.9485673596602184
-0.30406436843571094
-0.14858548883598216
0.8302469544302356
-0.3774034625865267
0.5368905778269735
0.3735888615178244
0.4273708638950889
NA
-0.7460546425179593
0.1447708877672799
0.18486292590305942
0.07143179361646416
0.09392244915604815
-2.211858670945593
0.10859026798621095
0.1721508162502515
-0.38424844470727
-1.2545390286302809
-1.5322497318147024
1.2732150831011617
0.6503217101135688
1.3778455240896588
0.5926282893815937
0.9739915789658343
1.446295345297087
1.071777037833589
1.5499479316969063
-3.607257168988444
1.211610244014477
0.6014289806796911
1.045374963939295
0.7813542249963588
0.8986967756376637
0.6845466207172829
0.8331805181962683
1.0766663107769765
-0.08013566762855404
0.6649895289437315
1.0228843083997112
0.11836881387298616
0.16726154330686302
0.5114663585213577
0.23766707369164602
0.03329546465804036
-0.4898567402844441
-0.13196196082846448
0.8546933191471744
-0.3950048451827222
0.055786120197623495
-0.1945446545038263
1.7504081223758021
0.5124442131100355
0.9016303394036964
1.0316849996978092
0.965190887667737
0.9348773954187326
1.506922329795094
0.3090504586651069
1.4981216384969966
0.9250988495319574
0.11445739551827643
1.107957657614658
0.8390476457283338
0.9827922702639325
1.5499479316969063
1.211610244014477
1.6848918649344067
1.094267693373172
1.200853843539024
0.55449196042317
-0.27277302159802963
0.8762061200980805
0.014716227473166962
0.5476469783024266
1.5470143679308734
0.4312822822497995
0.9387888137734433
0.3941238078800527
0.20735358144264254
1.1940088614182816
1.1607618054032445
0.4342158460158322
0.34718678762353067
1.1333818769202737
0.3383860963254333
-0.608177145514426
-0.18085469026234136
0.8458926278490763
0.21322070897470802
0.2190878365067726
0.2327778007482584
0.4596400653214481
-0.29428582254893576
-0.713785441091601
0.3139397316084945
-1.326900268192419
-0.5455944518390634
-0.23463669263960582
1.258547264270999
-1.3523244874980347
0.06654252067307656
0.5936061439702707
0.8439369186717214
1.117736203501433
0.8986967756376637
0.9798587064978997
0.30122762195568653
0.6640116743550537
1.5343022582780654
0.6532552738796015
1.10306838467127
-1.1635985518832697
0.6141410903324999
-0.24734880229241374
-0.5768857986767447
0.5388462870043292
0.929988122475345
-0.6658705662464012
-0.6639148570690463
0.7383286230945473
-0.38424844470727
-1.948815786591335
-1.6026552621994854
1.5362579674554204
0.46550719285351355
-1.5791867520712244
0.048941138076881024
-1.3308116865471293
-1.4647777651959522
0.5662262154873
NA
-0.3461121157488453
-0.9181570501252067
0.15357157906537808
-1.0276767640570912
0.753974296513388
1.3475320318406554
1.5548372046402938
1.5215901486252577
0.8546933191471744
1.0121279079242589
1.200853843539024
0.7705978245209056
1.2800600652219052
0.4068359175328606
0.6757459294191847
-0.8819764303441378
1.013105762512936
0.17019510707289576
-1.5723417699504814
-0.13098410623978662
0.3677217339857589
0.40976948129889335
0.1770400891936391
0.8674054287999824
-0.38620415388462487
0.26211343840858486
0.9661687422564139
0.5642705063099451
0.730505786385127
-0.3764256079978497
0.12814735975976135
NA
-0.2952636771376136
-0.8174380274914201
-1.8040933074670586
-1.419796454116785
-0.2864629858395154
-2.7164316387032046
-2.7946600057974074
1.1685846421126647
0.6112075265664672
0.022539064182587297
-0.5319044875975785
0.26504700217461763
0.788199207117102
-0.29819724090364635
0.16530583412950814
1.013105762512936
-0.3069979322017437
1.071777037833589
0.07436535738249689
0.058719683963656226
-0.5661293982012925
0.953456632603606
1.036574272641197
0.42150373636302424
0.05480826560894649
1.2458351546181912
0.5505805420684593
0.09587815833340302
0.7529964419247102
0.1721508162502515
1.7660537957946427
-0.17694327190763076
-0.30015295008100124
0.7745092428756163
0.2748255480613928
-0.28059585830744993
0.8507819007924647
0.4576843561440932
-2.9618731404612673
0.5515583966571372
0.19366361720115674
0.4156366088309588
0.49973210345722757
-0.18085469026234136
-0.24930451146976862
1.0228843083997112
1.0629763465354907
0.30024976736700865
0.5848054526721734
0.7960220438265224
0.41661446341963665
0.22593281862751594
0.47235217497425597
-2.1130953574891618
-1.2496497556868933
0.3344746779707227
0.9290102678866681
0.5681819246646549
1.5020330568517064
0.7989556075925551
0.20735358144264254
0.400968790000796
0.7363729139171924
-1.89894520256878
0.7363729139171924
1.2702815193351291
-1.6691493742295582
0.143793033178602
-0.6844498034312745
-0.9162013409478518
1.0072386349808704
0.44106082813657466
-1.502914094154376
-0.26592803947728716
-0.8164601729027423
NA
0.2181099819180956
0.3745667161065023
-1.5860317341919672
-1.4589106376638865
0.030361900892007628
-2.155143104802296
-0.41945120989966106
-0.5749300894993898
-1.9321922585838167
-0.23659240181696067
1.2702815193351291
0.7041037124908333
0.29731620360097594
1.177385333410763
0.19561932637851248
1.1333818769202737
0.7940663346491666
0.23571136451429114
1.0297292905204545
1.1108912213806905
0.36087675186501644
1.0805777291316863
0.5368905778269735
0.731483640973804
0.5554698150118469
1.2644143918030644
0.9573680509583167
0.6816130569512501
0.7872213525284242
0.9280324132979901
0.3638103156310492
1.259525118859676
-1.7033742848332722
-1.0609238200721276
0.16041656118612055
0.8869625205735336
-0.4908345948731219
1.3279749400671041
-0.48203390357502374
-0.04982217537955057
1.1363154406863065
0.8713168471546929
0.17899579837099394
0.26309129299726275
0.5007099580459046
0.8136234264227179
-1.8666760011424213
-1.5664746424184164
0.29047122148023347
-2.0818040106514806
0.801889171358587
NA
0.049918992665558895
-0.0488443207908727
0.03622902842407309
-0.22192458298679787
-0.1935667999151493
-0.011685846421126769
-0.4047833910694983
-0.0615564304436815
-0.584708635386165
0.5447134145363939
0.8517597553811417
-1.607544535142873
-1.017898218170316
-1.2124912813171465
0.648366000936213
0.5408019961816841
0.3980352262347633
-0.1329398154171415
0.8810953930414681
0.44595010107996225
-0.4634546663901503
0.4273708638950889
-1.856897455255646
-1.8921002204480373
0.19366361720115674
0.5984954169136592
0.542757705359039
0.519289195230778
-0.7000954768501152
NA
-2.0798483014741254
-0.6961840584954054
0.3667438793970819
0.5104885039326797
0.38238955281592263
-0.2551716390018341
0.1447708877672799
-0.6824940942539196
0.7011701487248005
0.9788808519092219
0.730505786385127
0.9260767041206353
0.25429060169916456
0.6855244753059598
1.5489700771082282
1.0043050712148387
1.3172185395916511
0.8967410664603088
0.5124442131100355
0.13597019646918168
0.44692795566864013
0.4117251904762482
0.36087675186501644
0.9935486707393856
0.0049376815863917635
0.34620893303485367
0.9162981582338592
0.24157849204635662
-0.7489882062839921
0.4342158460158322
-2.6030005064166097
0.9612794693130263
0.15454943365405507
-0.017552973953192236
1.1724960604673753
-1.3992615077545567
-0.20432320039060237
0.1574829974200878
-1.7473777413237614
-1.0765694934909682
-1.0804809118456788
-2.265640673322858
-1.2134691359058245
-0.5367937605409661
-2.1355860130287447
0.21615427274074075
-1.4227300178828177
-1.912635166810266
-2.656782508793874
-1.8656981465537439
-1.7688905422746672
-2.629402580310903
-2.093538265715611
-1.287786084645317
-1.7082635577766598
-1.7610677055652468
-0.9631383612043738
-2.4348095171640725
0.5124442131100355
-0.0058187188890613025
-2.1923015791720424
-0.1133827236435911
0.683568766128605
-0.058622866677648766
-0.45172041132602025
-0.11729414199830082
0.00689339076374663
-0.09773705022475043
-0.17889898108498561
-0.9367362873100801
-1.9214358581083637
-2.3428911858283836
0.45083937402334984
-2.330179076175576
-1.1860892074228528
-2.4191638437452316
-2.2715078008549234
-1.4149071811733973
0.3941238078800527
0.20246430849925495
0.09001103080133756
-1.5791867520712244
-0.3187321872658746
0.6581445468229891
-0.1133827236435911
0.11054597716356582
0.43617155519318707
-0.3568685162242984
0.5055992309892922
1.0404856909959075
0.5486248328911044
0.2738476934727149
-1.5273604588713148
0.18290721672570368
0.44008297354789766
-2.744789421774853
0.9035860485810513
0.55449196042317
0.236689219102969
0.4879978483930967
0.8263355360755258
0.6180525086872096
1.05906492818078
-0.6600034387143356
0.32469613208394754
0.25037918334445397
0.5486248328911044
0.25429060169916456
0.8077562988906525
0.47821930250632144
-3.1525547852533875
0.11250168634092068
1.1138247851467225
-3.0909499461667025
0.4635514836761578
1.1548946778711797
0.6512995647022458
0.7950441892378445
1.2565915550936442
0.5095106493440028
1.1578282416372125
-0.5328823421862554
0.730505786385127
-0.4507425567373424
0.39021238952534293
0.9446559413055078
0.918253867411215
0.6160967995098547
0.8801175384527903
0.33154111420469
0.9955043799167405
0.6992144395474457
1.199875988950346
0.8214462631321382
-0.027331519839967434
0.2806926755934583
1.2047652618937337
1.188141733886216
-1.6212344993843588
-1.1156836770380698
-1.9957528068478567
-1.2975646305320923
-2.9159139747934226
-1.5263826042826374
-0.6032878725710384
-0.43998615626188936
-1.8177832717085445
-1.335700959490517
-1.629057336093779
NA
-2.520860720967696
-1.3581916150301
-1.5977659892560978
-1.941970804470592
NA
-1.629057336093779
-1.0482117104193196
-1.230092663913342
0.18486292590305942
0.18779648966909215
0.38630097117063233
0.6522774192909236
0.6434767279928254
0.12130237763901888
-1.7796469427501203
0.46941861120822326
-0.2131238916886997
0.4801750116836763
-0.6140442730464916
-2.650915381261809
-2.4729458461224967
-1.455977073897854
-0.4468311383826318
0.10272314045414549
-1.8979673479801027
-0.20627890956795722
0.777442806641649
-1.3337452503131613
-0.7978809357178689
-0.08013566762855404
-0.30113080466967823
0.4537729377893826
1.1236033310334985
0.647388146347536
0.9162981582338592
-0.43998615626188936
1.271259373923807
-0.9093563588271093
-1.0130089452269284
0.28264838477081317
-1.6447030095126196
0.5437355599477168
0.6297867637513406
0.6493438555248909
1.0795998745430093
0.988659397795998
0.25917987464255215
0.4811528662723542
-0.9230463230685942
-1.0795030572570008
-0.7793016985329964
-0.05080002996822843
-0.7088961681482134
-0.6688041300124339
-0.3774034625865267
0.14770445153331263
0.18486292590305942
0.22788852780487082
-9.294459456737029e-4
-0.13489552459449636
-0.06057857585500363
-0.5387494697183209
-0.7392096603972168
0.0782767757372075
-0.18867752697176168
0.40781377212153846
-0.4585653934467627
0.38434526199327745
-1.1577314243512042
-0.21703531004341028
-0.6238228189332667
-0.35100138869223296
-0.9738947616798268
-0.09578134104739469
-0.4654103755675052
-0.8761093028120722
-1.4354421275356255
-2.07006975558735
0.08609961244662782
-0.9171791955365296
0.4557286469667375
-0.7421432241632496
0.5046213764006152
0.730505786385127
-0.1094713052888805
-0.37838131717520457
-0.3392671336281029
-0.08893635892665223
0.6336981821060502
0.005915536175068762
0.8546933191471744
0.9573680509583167
0.3266518412613024
-0.701073331438793
0.11054597716356582
0.6825909115399271
0.9290102678866681
-0.6424020561181402
0.16041656118612055
-0.04199933867013023
0.0841439032692721
0.2464677649897442
0.40488020835550576
-0.3412228428054577
0.31589544078584936
0.4596400653214481
0.20735358144264254
0.613163235743822
0.4518172286120277
0.4303044276611216
0.7715756791095835
0.6063182536230796
0.23962278286900174
0.6992144395474457
-0.7949473719518371
-0.9465148331968553
0.8967410664603088
0.13890376023521442
0.20930929061999742
0.34425322385749796
1.0668877648902004
0.8263355360755258
0.4606179199101259
0.8028670259472649
-0.002885155123028569
-1.849074618546226
0.16530583412950814
-0.09675919563607256
-1.208579862962437
-2.132652449262712
-0.4419418654392442
0.5368905778269735
