1.0193648514783986
-1.437053437525249
-0.2395495216359706
-0.4749562743321536
-0.024612921348151268
-0.5158965791488812
-0.0860233785732426
0.64066703192367
0.15961845032712202
0.7532528701696699
0.016327383468576047
0.6509021081278513
1.0091297752742165
-0.3316652074736076
0.8965439370282167
0.302909517185668
2.339689681817859
-0.014377845143969985
0.6713722605362152
0.5690214984943966
0.41549535543166866
-0.16790398820669797
1.9405217098547665
2.329454605613678
0.6611371843320333
-1.0276503893579745
-0.004142768939787974
0.599726727106942
1.3878275948289458
NA
-2.092098314592888
-2.1739789242263434
-1.5496392757712494
-2.4810312103517993
-1.2937623706667027
-2.3172699910848893
-2.0511580097761613
-2.2865647624723437
-1.9385721715301605
-1.0992959227872474
-0.2190793692276073
-0.004142768939787974
-0.2190793692276073
-0.42378089331124424
-0.6489525698032452
-0.3111950550652439
-0.014377845143969985
0.5178461174734873
-0.4749562743321536
0.016327383468576047
-0.42378089331124424
0.33361474579821404
-0.34190028367778924
-0.8843593224994282
-0.6796577984157909
-0.5670719601697906
-0.3726055122903349
0.6816073367403973
-0.3828405884945169
-1.191411608624884
-2.0102177049594334
-2.1739789242263434
-1.0481205417663382
-2.2967998386765256
-1.2118817610332477
-2.6345573534145275
-2.3275050672890716
-2.4400909055350715
-1.1300011513997932
-2.2456244576556164
-1.7952811046716144
-2.573146896189436
-1.8464564856925239
-1.7543407998548868
-1.723635571242341
-2.214919229043071
-2.6345573534145275
-2.511736438964345
-2.4605610579434356
-1.887396790509251
-0.8945943987036102
-0.3214301312694256
-1.1607063800123385
-0.6694227222116093
-1.1095309989914293
-0.3828405884945169
-0.9355347035203375
-0.09625845477742462
-1.273292218258339
0.09820799310203068
0.2824393647773047
-1.2425869896457935
-0.5466018077614265
-0.9969451607454288
-1.1709414562165206
-0.03484799755233328
-0.6796577984157909
-0.7615384080492459
-0.7001279508241546
-1.1709414562165206
0.20055875514384933
0.323379669594032
0.292674440981486
0.139148297918758
0.6713722605362152
-0.14743383579833394
0.40526027922748664
0.05726768828530336
0.5280811936776694
-0.3930756646986986
-0.03484799755233328
-0.36237043608615327
-0.22931444543178858
-0.9662399321328832
-0.04508307375651529
0.3540848982065773
0.6611371843320333
0.07773784069366739
-0.8331839414785188
-0.35213535988197125
-1.2937623706667027
-0.22931444543178858
-0.014377845143969985
-0.4135458171070626
0.139148297918758
0.8556036322114886
0.42573043163585067
0.6611371843320333
0.18008860273548605
0.5792565746985786
1.5106485092791286
0.5383162698818513
1.9405217098547665
1.2957119089913092
1.0091297752742165
0.8556036322114886
0.6816073367403973
0.6816073367403973
1.1319506897243992
0.7123125653529426
-0.4135458171070626
NA
1.3468872900122186
0.5383162698818513
-0.04508307375651529
0.2722042885731227
-0.18837414061506128
0.6099618033111239
0.33361474579821404
0.5485513460860326
1.0295999276825807
0.8351334798031252
0.599726727106942
-0.13719875959415193
0.42573043163585067
0.08797291689784867
-0.20884429302342528
-0.4442510457196079
-0.5261316553530629
-0.4749562743321536
-0.3111950550652439
-0.10649353098160663
1.6744097285460378
0.2824393647773047
0.139148297918758
-1.0481205417663382
-0.4135458171070626
-0.4647211981279719
-0.03484799755233328
0.016327383468576047
0.1186781455103947
-0.10649353098160663
-0.2497845978401526
NA
0.3540848982065773
-0.2497845978401526
0.599726727106942
0.06750276448948538
0.6816073367403973
0.7430177939654886
0.2824393647773047
-1.0890608465830656
0.5792565746985786
0.5792565746985786
0.5280811936776694
2.8719136444353164
-0.004142768939787974
0.5792565746985786
-0.0553181499606973
0.05726768828530336
-0.6489525698032452
-0.3930756646986986
-0.4135458171070626
-0.3726055122903349
0.16985352653130403
-0.1269636833899699
0.026562459672758058
0.31314459338985
1.1012454611118538
-0.5568368839656086
-0.16790398820669797
0.446200584044214
-0.024612921348151268
-0.9662399321328832
-0.2497845978401526
1.3571223662164005
-0.9150645511119738
-0.35213535988197125
-0.1269636833899699
0.06750276448948538
0.33361474579821404
-0.1269636833899699
0.3745550506149413
-0.2907249026568799
-0.28048982645269827
0.7532528701696699
-0.2600196740443346
1.0091297752742165
-0.6182473411906999
-0.09625845477742462
-1.9488072477343423
-0.9560048559287012
-1.6826952664256138
-2.1739789242263434
-1.6826952664256138
-1.5496392757712494
-0.8229488652743372
-1.365407904095976
-2.0102177049594334
-1.2528220658499756
-0.8843593224994282
-0.024612921348151268
-2.307034914880708
-0.014377845143969985
-2.255859533859798
-0.8638891700910645
-0.3111950550652439
1.254771604174582
-1.2528220658499756
-1.6212848092005225
1.3673574424205819
0.26196921236894066
0.9374842418449439
0.8453685560073073
-0.7205981032325186
0.487140888860942
1.5004134330749466
1.2752417565829453
2.2475739959802223
NA
0.1903236789396673
2.5853315107182246
0.6611371843320333
0.6816073367403973
-0.19860921681924326
1.2752417565829453
2.0838127767133123
1.9098164812422211
1.1217156135202173
0.1903236789396673
-0.3316652074736076
-0.6387174935990636
0.47690581265676
-1.1811765324207024
-0.7308331794367002
-0.19860921681924326
0.21079383134803134
-1.0276503893579745
0.1903236789396673
0.12891322171457673
-0.6284824173948815
-0.28048982645269827
-0.6182473411906999
-1.7441057236507052
-1.4677586661377944
-1.2221168372374298
-0.7103630270283365
-0.3726055122903349
-0.34190028367778924
0.26196921236894066
-0.5670719601697906
0.7430177939654886
0.006092307264394037
1.7972306429962206
0.2722042885731227
-0.13719875959415193
0.5280811936776694
-0.6898928746199728
1.5311186616874919
0.26196921236894066
2.953794254068771
-0.7513033318450638
-0.9457697797245195
0.3540848982065773
-0.2395495216359706
-0.8741242462952465
0.016327383468576047
1.0398350038867625
-0.09625845477742462
0.4359655078400327
0.5587864222902146
NA
-0.34190028367778924
1.1728909945411266
-0.3009599788610619
0.08797291689784867
-1.0583556179705198
0.9681894704574893
0.8044282511905793
-0.4135458171070626
0.302909517185668
0.5587864222902146
0.5485513460860326
0.6099618033111239
1.858641100221312
3.404137607052774
-0.14743383579833394
-0.8536540938868825
-0.2907249026568799
-0.04508307375651529
0.8658387084156706
0.7327827177613067
0.3950252030233046
0.20055875514384933
0.8965439370282167
1.2035962231536725
0.6918424129445793
0.34384982200239533
-0.5158965791488812
0.03679753587693934
1.3571223662164005
NA
0.3950252030233046
0.1186781455103947
0.05726768828530336
-0.19860921681924326
-0.4544861219237899
0.1903236789396673
0.139148297918758
-0.3111950550652439
0.03679753587693934
0.38479012681912333
-0.6694227222116093
-2.276329686268162
0.05726768828530336
1.3980626710331279
-0.6591876460074272
-1.0174153131537924
-0.9457697797245195
-1.1300011513997932
-0.13719875959415193
-0.4033107409028806
-1.4779937423419764
-2.184214000430525
-0.6182473411906999
-2.2456244576556164
-1.1607063800123385
-2.2456244576556164
-1.6929303426297957
-1.4165832851168851
-0.014377845143969985
0.34384982200239533
0.5485513460860326
-1.2118817610332477
1.8688761764254938
0.9988946990700353
-0.3111950550652439
-0.27025475024851625
0.2722042885731227
1.7767604905878565
0.047032612081121354
1.377592518624764
1.4697082044624006
0.7737230225780339
1.1217156135202173
1.4901783568707645
0.34384982200239533
0.5076110412693053
0.3745550506149413
0.292674440981486
2.7797979585976798
-0.014377845143969985
0.2722042885731227
0.620196879515306
0.8044282511905793
0.8044282511905793
NA
2.0224023194882217
-0.13719875959415193
0.22102890755221336
0.5280811936776694
-0.3828405884945169
-0.1269636833899699
1.6129992713209471
0.302909517185668
-0.17813906441087926
0.6816073367403973
0.23126398375639537
2.0838127767133123
0.487140888860942
0.21079383134803134
0.9784245466616712
2.2987493770011316
NA
1.2035962231536725
1.1831260707453086
2.7900330348018616
2.1247530815300406
NA
2.4318053676554965
-0.7717734842534278
0.5178461174734873
-0.8434190176827009
-0.3316652074736076
0.08797291689784867
-1.3142325230750664
0.047032612081121354
0.6611371843320333
0.6509021081278513
0.38479012681912333
-0.3726055122903349
-0.7717734842534278
0.047032612081121354
-0.42378089331124424
0.3643199744107593
0.06750276448948538
0.09820799310203068
0.18008860273548605
0.08797291689784867
-0.17813906441087926
-0.5773070363739722
-0.5158965791488812
-0.9355347035203375
-0.5466018077614265
0.25173413616475865
0.34384982200239533
-0.36237043608615327
0.006092307264394037
0.05726768828530336
1.2035962231536725
-0.7001279508241546
-0.6387174935990636
-0.16790398820669797
0.64066703192367
-0.3316652074736076
0.09820799310203068
-0.3009599788610619
0.12891322171457673
-0.8331839414785188
0.1186781455103947
-0.06555322616487931
-0.4033107409028806
0.15961845032712202
0.18008860273548605
-0.3828405884945169
0.3745550506149413
0.33361474579821404
-0.04508307375651529
-0.5363667315572449
-0.16790398820669797
-0.8024787128659732
0.5587864222902146
-0.4033107409028806
-0.34190028367778924
-0.0553181499606973
0.487140888860942
2.2373389197760405
0.21079383134803134
0.1084430693062127
-0.7308331794367002
NA
NA
NA
1.5208835854833098
NA
NA
NA
NA
NA
NA
NA
NA
NA
NA
NA
2.7388576537809524
NA
1.1728909945411266
NA
NA
0.794193174986398
2.0531075481007672
0.763487946373852
0.7225476415571246
3.537193597707138
0.8658387084156706
1.3980626710331279
0.5587864222902146
1.1114805373160352
0.6713722605362152
1.0193648514783986
1.6334694237293106
4.54023106571696
1.5822940427084011
0.8453685560073073
1.5208835854833098
0.8453685560073073
0.8658387084156706
0.7123125653529426
0.599726727106942
0.9681894704574893
0.09820799310203068
-0.10649353098160663
-0.09625845477742462
-0.07578830236906059
0.9784245466616712
0.783958098782216
-0.0860233785732426
-0.48519135053633555
0.6099618033111239
0.5792565746985786
0.3950252030233046
0.7430177939654886
-0.3930756646986986
0.8863088608240346
0.7020774891487606
0.302909517185668
0.22102890755221336
-0.9252996273161559
0.456435660248396
-0.11672860718578865
0.26196921236894066
0.5894916509027607
0.33361474579821404
0.16985352653130403
-0.9457697797245195
0.14938337412294
-0.8229488652743372
-0.004142768939787974
0.139148297918758
0.18008860273548605
0.05726768828530336
-0.004142768939787974
-0.3009599788610619
0.5280811936776694
-0.42378089331124424
-0.13719875959415193
0.139148297918758
-0.014377845143969985
0.12891322171457673
-0.5875421125781543
-0.2907249026568799
-0.3726055122903349
0.5792565746985786
0.8044282511905793
-0.20884429302342528
-0.2497845978401526
0.16985352653130403
0.25173413616475865
0.2824393647773047
-1.2221168372374298
0.302909517185668
-0.3214301312694256
0.31314459338985
0.006092307264394037
-0.004142768939787974
1.5515888140958558
0.3643199744107593
0.006092307264394037
0.6713722605362152
-0.27025475024851625
-0.014377845143969985
-0.6898928746199728
-0.42378089331124424
0.8556036322114886
-0.8945943987036102
-1.1095309989914293
-0.8741242462952465
-0.4647211981279719
0.22102890755221336
-0.04508307375651529
-0.2190793692276073
-0.5670719601697906
0.07773784069366739
-0.09625845477742462
-0.17813906441087926
-0.5056615029446992
0.1186781455103947
0.03679753587693934
-0.2600196740443346
-0.5158965791488812
-0.9457697797245195
-0.9764750083370652
-0.36237043608615327
-0.6489525698032452
0.03679753587693934
-1.7441057236507052
-0.5056615029446992
-0.15766891200251595
-0.28048982645269827
0.1186781455103947
-0.42378089331124424
-0.3214301312694256
-1.2835272944625211
-0.2497845978401526
-0.6796577984157909
-0.14743383579833394
-0.34190028367778924
-0.34190028367778924
0.8658387084156706
1.6744097285460378
1.4697082044624006
0.016327383468576047
-0.7922436366617915
