1.24604752321767
0.22878872095933994
-0.40673908335515385
-0.6318726273718941
1.1084622384255063
0.18874608921122418
NA
1.2987184446708806
1.371372968956045
0.0456999181733371
0.10292296208882201
-0.45171597418184595
-0.4123341994782239
-1.1005543345845432
-0.07905536094001572
-1.1168309321599899
1.3106048927490879
-0.04668904305551256
-0.46348938384035276
-0.4935513622042342
-0.7776902493910133
NA
0.2686287550758678
-0.46514218072786706
-0.05760208004023671
-0.6134400570811034
-0.22125625009466046
0.7278208720703867
-1.1069963236286233
NA
-1.2926322296699548
-1.2942026067475365
-0.639808579344493
-1.014777908727554
0.04877623276543459
-1.3987633159813224
-1.2681520830238384
-0.9562740072048488
0.6113267436752703
0.05290359374689852
-0.9029548202003009
0.995316565552143
-1.214642844277866
-0.4718161902014769
-0.6542513374156812
0.1414742214117896
-1.0683135300719135
-1.29756608338859
-1.421982104100114
0.042724229119507094
0.04347372824902309
-0.6903660896093768
-0.5758075815326166
-0.4314260155077449
0.5134140958118926
0.44462030827397814
-0.6102921103204937
-0.5439134155062355
-0.6041188685833168
-0.705074675129146
0.38364676778060236
-0.7774479353524906
0.4986443351433303
-0.7389647169623115
0.8112872973018332
-1.092187623070762
-1.3260671510962547
-0.6723265436495438
-0.8034342791968347
-0.5237613830854408
-0.27307843143763466
-1.1260852970715598
-0.22680419372138694
0.36272261587885357
-0.6211263909357482
0.09248896301421164
-0.6472056230104927
-1.7178226015659126
-0.7757393457361449
-0.01653628939992137
-1.0459055619076598
-1.9532479836593268
-0.5744800289937334
-1.5660467267878897
0.9445159267286041
-0.29370128816274615
-0.4261399508704264
-0.5183345749432288
-0.03154569633189674
0.2834860354891166
-0.2769455792056961
-0.7359081674675702
-0.8462501239751749
-1.0999612448548772
-1.705395384325629
-0.3575206644532132
-0.9558963308146443
-1.3173516362207915
-1.4237513672323265
-1.1605532694393608
2.3504497719958444
0.9434414328001708
1.7176513410339938
1.1753759171554363
0.37692613684681886
1.3242250982289565
1.228374493582175
1.9392975886823085
1.7640616428813207
0.6709572671480262
1.43004885330082
1.1792037120737595
1.3697619710121616
2.7352930513592626
-0.03552810819908306
3.961328673066118
-1.4310789233372503
0.10092469212488811
-0.12906928479123647
2.345207243016152
-0.6591141568717167
-0.9720432094088329
-0.4731774319516776
-1.284699316630161
-0.950734706612107
NA
-0.8554945601016989
0.38283464180700544
-1.4439130016167154
-0.9551966542220838
-0.9646304086418899
-0.6211047561156657
0.6562829978807331
1.0779728612077
0.5560432051998223
0.06382717009007968
-0.7098180742799156
NA
0.11118217467984211
1.9463057388884961
-0.02311448191755929
NA
4.945744079191794
1.2691242833472556
0.3882749636362393
0.7229095018942095
0.6789781977651833
1.560086600748768
-0.0937078649119954
2.4453547795748207
1.1525399598318447
-0.3593938758084565
0.9456077561282502
2.005514745026717
0.923499436365875
1.9805960293268112
-0.35075451539834407
0.9720199685927426
1.2322762679564172
1.430120063641644
2.5315026063434334
2.500086012597631
2.0198323608837274
1.146302269664354
1.2698172550330482
-0.1962833935076816
1.2150026673389411
0.6722064002728907
0.8121170729005954
1.5646582615601818
0.41083718899240773
2.547644582615839
1.4769610870276584
NA
1.6818685608971935
1.0641440397678752
0.999031104169798
1.496298059682286
0.3130974689464619
0.8039599299426317
1.0823758048780654
0.742231139275582
0.08802205861221056
2.9598918356750468
0.3271628989836453
3.482278236063052
4.471250527630305
2.5577891939620687
0.19222561406953748
-0.218616655101623
-0.2634254786299215
0.5221423605242386
0.013188808251532826
1.9970403534449512
1.4574920709058639
0.24787634911397405
-0.1531195788890379
0.3547467764880948
-0.2793372788605281
0.4819452486362402
1.2743972865272364
1.4838981333000074
0.2971907407821132
0.330727824314205
0.8196186069585477
NA
-0.25220176491943364
0.12268159648746435
0.6089243095825101
0.02539905151658343
0.48166324859277787
0.8242490094923612
1.0223243885784328
1.0995157469223602
1.1656419442963355
1.1671186768938782
0.36339089354376114
0.8662750623630844
1.0063683673785504
0.6872679174919868
-0.36918661825845334
0.8694045513121466
0.2946161579230574
-0.5464273767861667
0.7691866962045238
-0.6722845407591935
0.4960335308400779
0.3096429560632365
-1.4049224980623078
-0.7135834475676284
2.9004398669223987
1.016052292219228
-0.3478938117586791
0.9152761031966018
-0.6094225410430572
0.23215597378159092
0.7224218361511084
-0.10491346029988656
2.017336889084089
0.17121384361661687
-1.532368431053473
0.015533158065046545
-0.8457154656142041
0.23220776484775846
-1.0391073159459896
-0.40467638016190366
-0.6329649926067111
-0.7717474509798471
-0.7904959714758798
NA
0.6330335658171784
-0.5212591430415434
NA
-0.1753303571766621
-1.3438839543021994
-1.4676104780226724
-0.915237605160231
-0.5054720707979254
-2.086319197886895
-0.8801358740599685
0.32100604265531935
0.9128019621970898
0.09302290946178685
-0.047199386153793176
0.4734295812785178
NA
-0.6643467380651155
-1.787502299453871
0.12791367478118676
NA
-0.5221560095107334
NA
0.7043426852583238
0.3791906028835287
-0.4296743779324515
1.8328407209203885
1.4616046995869842
0.4552540459258441
1.9648302460805764
-0.457294169060893
0.36896232777904836
0.6845162417421091
2.618419015827518
0.20986022951690664
0.051577772855011715
0.5989037827143633
1.1437996153932668
-0.2043684672684476
-8.083085016519847e-4
-0.15055095608785923
-0.2840891741023041
NA
0.08873642823586993
1.068228832888571
-0.07216823854460834
-0.05223178414075064
1.2499383402060167
-0.010123671217041648
1.2515819556908745
0.823910077911984
-0.3044942043295575
NA
0.5470925486232863
-0.5143995103838608
0.8636691755826122
0.032429048090072674
-1.160134635227403
0.3936726453999658
-0.3740384993298399
-0.41331708966056885
0.41335610833111325
0.531600330133499
-0.1450253629948606
-1.0456595274249316
0.9601819420261958
-0.5278784441241628
-0.743557580632121
0.18009031299026493
0.2826453937104446
1.2889884304049504
0.07688112193510277
0.2973225765023109
-0.601287715683325
-0.07412571156401507
0.003998880369528314
0.5925014644742255
-0.09922111859505126
0.04624024903997757
0.4142930598314348
0.09949438464129917
0.6095673219223666
NA
-0.3363999395819945
1.0666571801939262
0.9918252738548021
1.5929028478993976
-1.0910227389425624
-0.16261416516843713
1.4686292554700204
NA
0.08392697188252132
0.49700970598165617
-0.17103684042227482
-0.4861137762104197
0.8385804633243457
-0.04562379133372574
-0.10367879092440409
-0.02426967287617832
0.2921283094238028
0.5034695574648705
2.16346609102159
0.8590965685090866
0.910085234807846
-0.28733945271318145
3.483089360037545
-0.23365153763911903
1.4531220449961788
0.35064138474866446
-0.24105255889953642
0.6067554134855576
0.03849516586243368
-0.04180232889772517
-0.00943526109733164
1.7239417799305117
-0.07382297355933888
0.420603488040026
0.5847839495728957
-0.48082731128016043
0.04655898736156077
0.4897740386415284
1.176544080898906
-0.008004384843076175
-0.023046392848278422
-0.39557712749837376
0.20585221536921952
0.6446862668858587
0.5508993154946882
-0.10406254644696858
-0.0018220681102280333
-0.46530343544575803
-0.5829562016257388
-0.665243019295891
0.7150084906817451
3.842591769943911e-4
1.5060640901789437
0.8770981803789739
-1.0994583287107595
-0.28242226055485653
-0.9680788031235111
-0.6730427614611825
1.5984074952842124
0.28714848408764787
-0.5794830776542381
0.18645944745226073
0.5770894667166931
0.4804125827006376
-0.5399028285896748
-0.41428147389487385
0.04266823497745537
0.4268036760792579
0.2634451084278048
-0.21760171614896992
0.46736113521999745
NA
-0.97129997435715
0.010078254678698311
NA
-0.4752676033479062
-0.8482110387538278
-0.03210484476703196
0.7563534577801859
-0.5941160166753324
0.6619327615908025
-0.21489316309627893
-0.13884812339526897
0.3635805576597424
0.8358324117456873
-0.2162727296492968
-0.019929468790626622
0.6896360087305251
0.06535650447367009
-1.308151298188811
-0.11610189756153948
0.5458410352755203
-0.44135852099827816
-0.2789950904663776
0.33894029130356945
0.3986386048926506
-0.45709931000392223
-0.10268618223748184
-0.6741990861608854
-0.608230120307389
-0.7847958189916882
-0.40215169964504205
-0.529333023800948
-0.6592611087174514
-0.7219606186346278
-1.4928803329709177
-1.1759334768435472
-1.4301094607029394
-0.6295970038028178
-1.0320732987085888
-1.5098492042530087
-0.6355090404614875
-1.5059606281450841
-0.3459156881837957
-1.5489811746264543
-1.3103643253158022
-1.6463889960869933
-0.9871798626264284
0.9866233847426593
-0.8767766118955478
1.6303709765936956
0.5777716976308079
0.5632713607135494
0.1782021679214578
0.022517564312710955
0.4833871861498767
0.22962528127010934
0.04254960765757368
1.915067249651223e-4
0.6978123125461843
-0.9590116879027758
-0.38947843398778204
-1.3365455535521134
-0.2983338720397403
0.12862850043477883
-0.6453500460794174
-0.00914858674705339
-0.2307396851754428
NA
NA
NA
NA
NA
NA
NA
NA
NA
NA
NA
NA
NA
NA
NA
NA
NA
NA
NA
NA
0.2516041569359361
1.5096477798745067
1.0271107128134174
0.5328858050437929
-0.36876570896382815
0.020421679874819198
0.22564744110300392
0.8701927382477485
0.6029757005899448
-0.5267168624127295
-0.3444285315020298
-0.812946898926594
-0.9517151697018073
NA
-0.9846468962990296
-0.46462637793788575
-0.9434642251868267
-1.0844127282030829
-1.3202655864221602
-0.9243985510732283
0.9918106644291906
-0.4192982756581148
0.3943892723717941
0.09016586166208651
0.17855410395543098
-0.554903640624159
1.3565811440392137
0.33767913798971433
-0.825233992102643
0.2085508472373635
-0.22984408418931712
-0.3098748799770237
-0.36276310729391836
0.5259044212611862
-0.21406119348683753
0.33610868997414334
0.41229989613600326
-0.059325352553683014
-0.15368859277172875
-0.2725358166210786
-1.072166076014863
-0.7499252481978322
-1.034404138635331
-1.358819744068703
-0.6053204276521463
-1.2362815507487472
-2.3394275485348492
-0.16524585690938146
-1.1078599657836772
-1.1212638281297207
-0.7928743512564118
-1.4041832026025478
-1.2577092863717663
-0.5782349807307215
-0.48508494101230176
-0.6774587007178954
-0.9911778225808378
-0.8646309994727845
0.23607326837456075
-0.8676771818870438
-0.9178424747406023
-0.5860762304871859
-0.534610779826233
-0.4679059463379748
-1.2584592047954712
-1.3905242725808495
-1.4216761029479157
-0.7529100350488297
-0.24475725740463253
-1.2539324160627372
-1.0018315305435306
-1.4132103518666348
0.5870227993948557
-0.3992479163776843
-0.5156595337568813
-0.4036012161228182
-0.79094635043819
0.139121910075691
0.18700612346872236
-0.48545982548591465
-1.3907235639954214
0.24438207928781916
0.5138030158734507
-0.30584351076300537
-1.0845523582348897
-0.8557259395558223
-1.2476141010698008
-0.44880783836212534
-0.26550514740343795
-1.6309052027502227
-1.4444823841236025
-1.2458143270015551
-0.2601065561133447
-0.17847423640361718
-1.0077408892930924
-1.4700188455715637
-1.5225094983921674
-1.5905111036655653
-1.0009581179471565
-1.019664950973543
0.35542711234448715
-0.8317294113871496
-1.2102474555033942
-1.0513513079595995
-0.762913099770783
-1.1297631873503309
-2.0372278263908536
-0.9395979134736429
-0.71547561963409545
-0.7518255375971109
-0.7847481587966662
-0.7741322075789455
0.8699828492042284
-1.1961365136788746
-1.2126155999454244
-1.1949338208689606
-1.3269194368392216
-0.5413488843069582
-1.54126232203732
-0.9966318861120598
0.862707834081362
0.08736644591194861
0.26808659122224593
0.8235750137187909
