0.5445682990797074
0.43356775198522757
-0.08286699678485787
0.17252832979269794
0.44626696711891867
-0.6684419168383727
-0.17129116141944564
0.8272434211296356
-0.44973321175814346
0.3126900375645403
0.14665955822406898
0.957527961575277
0.28493990079092113
-0.24889747612533247
-0.0635830034336995
-0.27946966070644186
0.9490618181528162
-0.3161562822037684
NA
0.2764737573684604
0.4909493907374593
0.290583996405895
0.4796611995075116
0.5760811662633101
0.29857979852710903
0.5092927014861209
0.8484087796857874
0.08034143474812648
0.6085347160494097
-0.012786142898938375
-0.6044754998686704
-0.8387054678900777
0.013552969970940612
-1.0945711357688803
-0.006201364681467794
-1.108211033505068
-1.2140378262858207
-1.7125996056084913
-1.8541723372840804
-0.7841458769453329
0.3719530415217655
0.4401525302026948
0.28258819428468096
-0.12237566608967468
0.6376958767267722
0.2463719140886011
-0.5320429394765107
0.9702271767089681
0.8611079948194785
0.8338281993471062
-0.06828641644617658
0.41334307603157244
0.19557505355383997
0.2355540641599035
0.3611351915930645
0.9984476547838372
-0.010434436392698166
0.20357085567505065
0.8794513055681434
0.6315814398105517
-1.2300294305282455
-0.24184235660661518
-0.38200406437846085
-0.6082382302786541
-0.9130193934872276
-0.5560303458401462
-0.5837804826137686
-1.2022792937546263
0.005557167849726573
-0.5485048850201821
-0.4614917442893412
-2.526290056767186
-0.16752843100946532
0.2731813682597268
-1.6509848951450292
0.07140495002441903
-1.331623151597771
0.017786041682170985
-1.16747403746229
0.0728159739281625
0.22050314251997216
1.1028634236608466
-0.6279925649310625
0.7223573109513763
0.3724233828230122
0.49000870813496256
-0.273355223790218
-0.037714231865070565
-0.4723095942180388
0.2934060442133819
-0.762980518389181
-0.32650379083121933
-0.24889747612533247
-0.38482611218594776
-1.4680221289596331
-0.24090167400412177
-1.108211033505068
-1.7229471142359423
-0.5042928027028882
-0.5786067283000415
-0.01560819070642529
0.5821956031795307
-0.281351025911432
0.5883100400957545
0.3173934505770207
-0.034421842756336946
1.032312228473677
0.7562218846412193
0.2628338596322759
0.35643177858058744
-1.3278604211877907
0.65086543316171
-0.7987264572840141
0.01966740688716115
0.5144664557998481
0.6221746137855941
0.3249189113969847
0.6574502113791806
-0.39141089040341837
-0.4182203445745407
0.12079078665544005
0.7035436589014646
0.4509703801313958
-0.15671058108076438
-1.2408472804569464
-1.6396967039150816
0.10762123022049888
0.6645053308978979
0.7477557412187585
0.9373032856216219
0.32444857009573796
0.46790266697631727
-4.5685119867851425
-5.453223974432255
0.2468422553898478
0.33714778522942573
0.6306407572080549
0.7237683348551197
1.4791364646590897
0.2962280920208688
-0.17270218532318912
NA
0.4636695952650869
-0.38341508828220433
0.8093704516822207
0.27459239216347026
0.8206586429121683
-0.2145625611342428
0.5525641012009214
-0.29781297145510344
0.4373304823952079
0.6137084703631334
-0.07628221856739063
0.22003280121872545
0.1273755648729073
1.021964719846226
-0.288876486731396
1.572734383607401
0.04929890886577376
-0.09180348150856867
-0.9915663907956112
-0.5517972741289191
0.5003562167624135
-0.15624023977951768
-0.5898949195299892
-0.4473815052519066
-1.5733785804391422
-2.714896918567556
-0.6279925649310625
-0.016078532007671998
0.12314249316167691
0.13349000178912782
0.9260150943916742
NA
0.44861867362515556
1.0337232523774205
1.107566836673327
1.1527196015931143
-0.10026962493102941
0.7712728062811472
-1.5428063958580363
-0.3998770338258791
1.3465002177072078
0.08880757817058724
0.8258323972258921
0.8761589164594065
0.5342207904522565
-0.49300461147294394
0.4321567280814841
0.9721085419139582
-0.6811411319720638
-0.06687539254243313
-0.32274106042123896
-0.3829447469809576
-0.538627717693978
0.9387143095253654
-0.3105121865887946
0.08692621296559706
0.12549419966791714
0.344202904748143
0.21768109471248523
0.2736517095609735
0.782560997511095
-0.16705808970821528
-0.16094365279199474
0.20263017307255726
0.6748528395253488
0.1570070668515199
0.426982973767757
0.3973514717891444
0.8371205884558397
-0.12143498348717793
-1.1068000096013246
0.4363897997927145
0.10762123022049888
0.540335227368477
-0.09650689452104574
0.5478606881884409
0.21815143601373194
-0.2681814694764942
-0.08710006849608824
0.1640621863702372
0.4636695952650869
-0.3744786035584969
-0.3895295251984249
-1.0070876537367892
0.7665693932686702
-0.07346017075990371
-1.8936810065888938
-0.3439064189773908
-0.13413419862086906
0.025781843803381686
-0.9440619193695836
-0.3062791148775642
-0.08474836198985138
0.28541024209216787
0.3503173416643669
-0.3923515730059118
-1.2384955739507062
-0.1529478506707807
-0.9087863217759972
1.0078544808087915
0.6442806549442428
0.5784328727695504
0.3540800720743472
0.6367551941242754
-0.3495505145923613
1.117444003999531
0.5807845792757872
NA
0.6193525659781073
0.40769898041659863
-0.7281752620968447
0.4067582978141019
0.6423992897392493
-1.8076085484605462
0.5732591184558232
0.6640349895966479
0.45567379314387285
1.0633547543560329
0.7778575844986179
0.72612004136136
-0.8871506219185986
0.1767614015039283
0.16076979726150023
0.36160553289431124
0.7698617823774038
-0.062171979529956053
-0.49300461147294394
0.13160863658413766
0.6640349895966479
0.16076979726150023
0.30657560064831973
-0.040065938371310776
0.12173146925793346
-0.08568904459234479
0.12173146925793346
0.790556799632309
0.27035932045223987
0.5332801078497597
0.9438880638390925
-0.5339243046815009
-0.05417617740874201
-1.354669875358913
0.8154848885984411
0.30798662455206316
0.211096316495018
-0.4920639288704472
0.5436276164772106
-0.10873576835349015
0.00367580264473641
-0.2263210936654405
0.8187772777071748
-0.5066445092091285
-0.22208802195421012
0.331974030915702
-6.515724973951039
-5.9640146275873684
-0.7178277534693904
-0.8970277892448029
0.2760034160672137
NA
0.32444857009573796
1.2115122642490894
0.05682436968573775
0.45144072143264247
-2.2041062654124444
0.8300654689371224
1.2754786812187917
-0.15341819197203074
0.5690260467445928
-0.1698801375157022
0.23038030984617636
-0.26865181077774086
1.201635096922885
-0.19480822648183774
0.2520160097035749
0.20639290348253758
-0.018430238513912206
1.0050324330013045
0.8418240014683168
0.2195624599174754
0.6471027027517297
-0.2785289781039451
0.19557505355383997
-0.4346822901182155
0.41569478253780934
0.8611079948194785
-1.489657828817035
-0.20280402860304841
0.8526418513970178
NA
-1.3433816841289687
-0.0014979516689907154
-0.033010818852593486
-0.8405868330950679
0.5925431118069849
0.01026058086220365
0.9838670744451526
-0.07628221856739063
0.6814376177428194
0.44109321280519154
-0.6881962514907811
0.4660213017713237
0.38088952624547295
0.8390019536608299
0.11138396063048256
0.7708024649799006
0.9485914768515695
-0.2042150525067919
0.4566144757463696
0.696958880683994
0.2689482965484964
-0.3805930404747174
0.47542812779628124
0.7745651953898809
0.42133887815278315
-0.31427491699877824
-0.6642088451271424
0.010730922163453699
0.15418501904403298
-0.9835705886744005
-1.401704005483694
-0.5804880935050349
0.2976391159246123
-0.2366686022928914
-0.22585075236419044
0.9721085419139582
0.3898260109691804
0.3413808569406561
0.13207897788538436
0.9114345140529929
-1.0889270401539064
-1.524933426410618
1.0746429455859807
0.09021860207433069
0.28541024209216787
0.19792676006007684
0.5803142379745405
0.040362424142062966
-0.3439064189773908
-1.2784745845567698
0.49847485155742327
-0.30580877357631747
-0.39846600992213566
0.8192476190084248
-1.1166771769275254
-0.19339720257809426
-1.0451852991378625
-1.1745291569810072
0.35925382638807435
0.859226629614485
0.548331029489691
0.49047904943620924
-0.4375043379257024
0.8879174489906042
0.21815143601373194
0.014493652573434023
0.782560997511095
0.5168181623060882
0.5309284013435228
1.1762366666555062
-0.2804103433089353
1.2698345856038178
0.7933788474397959
-0.6515096299934512
-0.7215904838793741
-1.7539896401182982
-1.7347056467671365
-0.7027768318294624
0.192282664445103
-1.690493564449846
0.7007216110939778
-0.6966623949132419
0.7138911675289156
0.1306679539816409
-0.6058865237724139
0.8691037969406892
-0.10215099013601957
0.9556465963702868
0.33667744392817905
-0.30769013878130763
0.20545222088004417
0.10621020631675543
-3.9622420494767256
0.7604549563524496
0.4773094930012714
-1.3687801143963476
0.635344170220532
0.6198229072793573
0.5313987426447695
-0.22585075236419044
-0.8109553311164552
-0.03348116015384019
-0.14024863553709294
-0.48453846805048323
0.3489063177606235
0.10573986501550872
0.41428375863406586
0.5544454664059115
0.7919678235360524
0.9363626030191251
-0.9769858104569299
0.06058710009572142
0.4617882300600934
-3.149962622221771
0.1570070668515199
-0.02266331022514258
0.6301704159068082
0.05447266317949754
0.5417462512722204
0.522462257921062
0.25013464449858475
0.9340108965128883
-0.041476962275054235
0.6635646482954012
0.06999392612067558
0.12126112795668675
-0.4478518465531533
-0.14118931813958632
0.403936250006615
0.3747750893292524
-0.07722290116988738
0.9843374157464027
0.7073063893114483
0.36583860460554163
0.3728937241242589
0.7877347518248221
-0.4850088093517299
0.03895140023831951
-0.25501191304155635
0.1894606166376161
-0.5597930762501299
-0.6947810297082484
-0.4050507881396029
0.05964641749322467
0.7369378912900576
0.578903214070797
-0.4850088093517299
-0.7328786751093217
-0.6129416432911312
NA
-0.71359468175816
-0.4342119488169688
0.44156355410643827
0.4608475474576
NA
0.15888843205651007
-1.5315182046280886
-0.9464136258758239
0.7914974822348024
0.2934060442133819
0.5615005859246288
0.8705148208444327
-1.3828903534337822
0.6579205526804273
-0.6961920536119919
0.39405908268041073
1.4306913106305652
0.5977168661207086
1.1466051646768936
-1.7036631208847839
0.3084569658533099
-2.007503601490864
-0.07157880555491355
0.46978403218130743
-1.4186362923286153
0.20545222088004417
0.5191698688123251
-0.43609331402195894
-0.4008177164283725
0.14289682781408533
-1.4191066336298621
0.3677199698105351
0.20686324478378762
0.7510481303274922
0.08457450645935685
1.1513085776893708
-0.03536252535883035
-0.33355891034993657
-1.0268419883891975
0.609945739953153
1.0003290199888275
-0.23902030879912828
0.6259373441955778
-0.667971575537126
0.27553307476596367
0.5652633163346091
0.16265116246649372
-0.2912281932376362
0.6348738289192852
0.29669843332211554
0.6988402458889875
0.8154848885984411
0.6786155699353325
0.40769898041659863
0.2990501398283557
-0.18728276566187038
0.45426276924012937
0.8432350253720603
0.28964331380339825
0.6518061157642068
0.6598019178854174
0.1852275449263857
0.8258323972258921
0.4570848170476163
0.21344802300125487
0.3611351915930645
0.8277137624308856
0.2463719140886011
-1.0395412035228888
-0.14495204854957
0.49518246244868963
-1.1641816483535563
-0.6129416432911312
0.12878658877665075
0.03095559811710881
0.16171047986399698
-5.153616565537406
-4.80415297871029
-0.1082654270522401
0.1349010256928713
0.2661262487410095
-1.176880863487244
0.2731813682597268
0.43356775198522757
-0.4337416075157187
-1.7554006640220416
-0.11249849876347048
0.4885976842312191
0.6866113720565432
0.26800761394599965
0.5916024292044881
-0.25030850002907595
0.4232202433577733
0.22990996854492965
0.1377230735003582
0.49894519285867
1.1259101474219886
0.9175489509692135
0.4001735195966313
0.3724233828230122
-1.2695380998330623
0.05212095667326067
0.6649756721991446
-0.2366686022928914
0.5088223601848741
-0.10450269664225978
0.5986575487232054
0.5671446815396026
-0.05558720131248547
0.5878396987945045
0.3183341331795141
0.12032044535419001
1.4382167714505294
-0.417750003273294
-5.7881069809206895
-5.760827185448317
0.8112518168872108
0.1946343709513432
0.49988587546116675
0.8611079948194785
0.5737294597570699
0.7138911675289156
0.241668501076124
0.509763042787371
0.6452213375467362
-0.43044921840698513
-0.07440085336240046
0.5779625314683002
0.5911320879032415
-0.6105899367848943
7.098774331967821
-0.028777747141363115
