0.04624159384839759
-1.0065518009771879
-0.6804653512524494
-0.4661799700047634
-0.05624271892223502
-1.0065518009771879
-0.7270491297845543
0.7729485389492446
0.5120793791694527
-0.4195961914726575
0.5866134248208219
-0.1587270316928666
1.7605246438298814
-2.2736305770504592
-0.6245648170139227
-0.4289129471790793
-0.24257783305065664
0.2605269750960826
NA
0.2605269750960826
2.0679775821417783
0.6611474704721912
0.018291326729134246
0.3723280435731359
1.4903387283436698
-0.1587270316928666
-0.4475464585919208
0.2977939979217677
-0.4102794357662367
0.9313333859584029
-2.143195997160563
-2.432015424059618
-2.189779775692669
NA
-0.6059313056010801
-1.593507410481718
-1.258104205050558
-1.1835701593991885
-1.835743058848667
-0.6711485955460276
-0.17736054310570917
0.3909615549859785
-0.9413345110322403
-0.2798448558763418
-0.11214325316076172
-0.09350974174791914
-1.4723895862982435
-0.14009352028002506
-0.38232916864697336
0.2791604865089251
-0.6245648170139227
1.052451210141877
0.41891182210524186
0.2605269750960826
0.30711075362818846
-0.5593475270689742
-0.9227009996193978
0.2512102193896618
0.26984373080250434
-0.5407140156561326
NA
-0.8668004653808711
-0.11214325316076172
-2.0500284400963524
-1.2767377164634
-1.4910230977110854
-1.9289106159128777
-1.8077927917294034
-0.4102794357662367
-0.8295334425551869
-1.0438188238028718
-1.5376068762431914
-1.36058851782119
-0.6897821069588702
-1.0438188238028718
-1.4537560748854013
-1.52829012053677
-1.8823268373807722
-2.2177300428119326
0.5493464019951378
-0.2612113444634992
0.16735941803187174
-0.5313972599497109
-1.3792220292340325
0.4002783106923993
-0.913384243912977
-0.09350974174791914
0.30711075362818846
-0.5779810384818168
1.5741895297014599
0.9220166302519821
-0.32642863440844666
0.41891182210524186
-1.0810858466285571
-0.8202166868487661
-0.4289129471790793
0.5866134248208219
0.5493464019951378
-0.13077676457360327
-1.0997193580413986
1.8723257123069348
0.47481235634376856
1.7418911324170399
0.3164275093346092
-0.2798448558763418
1.2015193014446155
NA
-0.6338815727203435
1.6300900639399865
0.9779171644905088
-0.652515084133186
1.2015193014446155
0.9499668973712455
-0.28916161158276255
-0.8854339767937136
0.8847496074262969
0.8288490731877702
1.3319538813345104
0.5866134248208219
-2.2270467985183533
-0.1680437873992884
0.7915820503620862
-0.1680437873992884
0.09282537238050352
1.6394068196464073
1.229469568563879
0.38164479927955774
1.4064879269858799
-0.6618318398396068
0.5679799134079794
0.8195323174813495
0.8940663631327188
-1.1556198922799252
0.03692483814197683
-0.9599680224450828
-0.6618318398396068
1.2108360571510364
2.1890954063252526
0.8661160960134554
-0.4102794357662367
-0.3171118787020259
NA
1.7139408652977766
-0.19599405451855176
1.9654932693711458
0.3909615549859785
-0.18667729881212994
0.9779171644905088
0.8474825846006129
1.1549355229125096
-3.42184683708331e-4
0.4654956006373478
1.2946868585088265
-0.046925963215813216
0.8940663631327188
0.36301128786671516
-0.14941027598644582
-1.0065518009771879
-0.02829245180297168
-0.3730124129405526
0.7077312490042961
0.07419186096766094
-1.44443931917898
0.3909615549859785
-0.3171118787020259
0.5493464019951378
-0.2798448558763418
0.13940915091260841
-0.4195961914726575
0.6331972033529278
0.24189346368324102
2.3940640318665176
0.018291326729134246
NA
1.9002759794261983
0.8661160960134554
0.9033831188391396
0.3350610207474518
1.3412706370409324
1.518288995462933
1.7698413995363034
-0.9786015338579245
0.5120793791694527
2.5244986117564125
NA
1.7698413995363034
1.1549355229125096
0.9779171644905088
-0.20531081022497252
0.07419186096766094
-0.12146000886718249
-1.118352869454241
-0.20531081022497252
0.8381658288941921
-0.5313972599497109
-0.652515084133186
-1.3140047392890846
-0.07487623033507657
0.6331972033529278
-1.6494079447202448
1.266736591389563
0.7636317832428228
-0.9506512667386611
-0.30779512299560513
-0.5966145498946593
-0.3171118787020259
-0.8202166868487661
0.03692483814197683
1.2481030799767205
0.24189346368324102
1.052451210141877
-1.1928869151056105
3.614559029407682
-0.8202166868487661
0.24189346368324102
0.670464226178612
-0.037609207509392444
0.21394319656397767
0.13009239520618762
1.182885790031773
-1.425805807766138
-0.2146275659313933
-1.0997193580413986
-1.4351225634725588
-1.8171095474358243
-1.5376068762431914
-0.7363658854909761
-0.7456826411973969
-2.022078172977089
-0.49413023712402676
0.5120793791694527
-0.9506512667386611
-1.6680414561330867
0.4282285778116626
-2.385431645527512
0.1953096851511351
-0.28916161158276255
0.18599292944471432
-0.6059313056010801
-1.593507410481718
-0.4661799700047634
-0.19599405451855176
-0.14941027598644582
0.6797809818850328
-1.0904026023349778
-0.2984783672891833
-0.43822970288550006
0.13940915091260841
0.6890977375914545
NA
0.6425139590593486
-0.2146275659313933
0.16735941803187174
1.956176513664725
0.4002783106923993
-0.3916459243533941
0.6052469362336645
0.21394319656397767
-0.11214325316076172
-0.19599405451855176
2.040027315022515
0.12077563949976687
-1.6400911890138234
0.8288490731877702
-0.6897821069588702
-1.7425755017844555
1.9468597579583042
-0.40096268005981595
3.540024983756314
-0.6804653512524494
0.07419186096766094
-0.1028264974543399
-0.6897821069588702
-1.5189733648303487
-0.30779512299560513
-0.3357453901148685
-1.267420960756979
-0.43822970288550006
-0.5966145498946593
-0.8761172210872928
-0.7643161526102394
2.3102132305087277
0.4468620892245052
0.08350861667408171
0.8008988060685069
0.24189346368324102
1.2574198356831423
-1.2487874493441367
1.220152812857457
0.4841291120501893
-0.43822970288550006
-1.2208371822248738
0.03692483814197683
-0.08419298604149837
0.5586631577015586
-1.127669625160662
1.2387863242702997
-0.4754967257111842
0.12077563949976687
1.359904148453774
1.2760533470959838
NA
0.26984373080250434
1.0338176987290355
0.9033831188391396
0.6145636919400853
-0.2984783672891833
0.5307128905822952
-0.3357453901148685
-0.6804653512524494
0.3909615549859785
-0.43822970288550006
0.32574426504103104
-0.34506214582128925
1.4064879269858799
0.2605269750960826
-0.14941027598644582
0.36301128786671516
0.027608082435555015
-0.24257783305065664
0.22325995227039844
-0.32642863440844666
0.43754533351808444
0.7449982718299812
2.1331948720867255
-0.037609207509392444
1.0058674316097722
3.1580379997930477
-0.9413345110322403
-0.2612113444634992
0.20462644085755585
NA
-0.1587270316928666
-0.009658940390129099
-0.25189458875707843
-1.1835701593991885
-1.5562403876560333
0.03692483814197683
-0.1680437873992884
0.2791604865089251
-0.2984783672891833
1.099034988673983
-1.854376570261509
-1.686674967545929
0.21394319656397767
0.8288490731877702
0.06487510526124017
-0.7177323740781335
0.3536945321602944
-0.8295334425551869
-0.5500307713625534
0.06487510526124017
-0.2239443216378151
-1.5655571433624547
-0.8574837096744503
-3.0562380563898324
-0.9320177553258195
NA
-1.6400911890138234
-1.3978555406468747
0.7077312490042961
-0.14009352028002506
-1.4817063420046648
-0.08419298604149837
0.7263647604171387
0.6611474704721912
-0.9227009996193978
0.5493464019951378
1.2574198356831423
0.8195323174813495
0.00897457102271348
-0.07487623033507657
0.41891182210524186
2.813318038655467
0.5120793791694527
0.2605269750960826
2.207728917738095
-0.4754967257111842
1.2853701028024056
0.07419186096766094
0.15804266232545097
-0.3357453901148685
-0.1028264974543399
1.5369225068757748
-0.9227009996193978
0.5120793791694527
-0.6618318398396068
1.0710847215547197
-1.873010081674351
-0.5220805042432901
0.22325995227039844
0.5959301805272427
-0.5034469928304476
-1.0345020680964512
-0.17736054310570917
-0.2239443216378151
NA
0.9499668973712455
0.2791604865089251
0.7263647604171387
-0.35437890152771
0.456178844930926
1.7512078881234607
0.3909615549859785
-0.4475464585919208
2.2822629633894644
1.9375430022518834
0.8288490731877702
1.5089722397565113
0.7822652946556654
-0.2239443216378151
-0.913384243912977
-0.2798448558763418
1.1176685000868256
0.5586631577015586
-0.2984783672891833
-0.07487623033507657
-0.6431983284267643
0.7449982718299812
0.8195323174813495
-3.42184683708331e-4
-1.0810858466285571
-1.6028241661881388
-1.1742534036927679
1.1363020114996671
0.5679799134079794
0.754315027536402
3.884744944893896
0.5400296462887161
0.03692483814197683
-1.7705257689037188
-0.5593475270689742
0.00897457102271348
-3.42184683708331e-4
-1.0624523352157145
-0.6338815727203435
-0.3357453901148685
0.24189346368324102
-1.4723895862982435
0.2791604865089251
0.2325767079768192
-0.5407140156561326
1.2108360571510364
-0.6152480613075009
-0.7084156183717127
2.0493440707289357
0.5679799134079794
-1.1369863808670837
-0.06555947462865579
0.5400296462887161
-0.5872977941882376
-0.046925963215813216
-0.4289129471790793
-0.28916161158276255
1.0245009430226137
1.0710847215547197
0.32574426504103104
0.15804266232545097
0.2325767079768192
0.49344586775661115
-0.5220805042432901
1.1642522786189304
1.8164251780684082
0.6984144932978753
0.13009239520618762
1.182885790031773
0.8940663631327188
-0.13077676457360327
0.6518307147657694
0.00897457102271348
1.8630089566005141
0.6331972033529278
-0.1028264974543399
0.6425139590593486
-0.32642863440844666
-0.4661799700047634
1.527605751169354
1.089718232967562
-0.3730124129405526
0.8847496074262969
-1.835743058848667
NA
-0.9320177553258195
-0.6152480613075009
1.732574376710618
-0.27052810016992
NA
-0.11214325316076172
-0.3357453901148685
3.185988266912311
0.8567993403070336
1.518288995462933
0.8195323174813495
0.28847724221534593
-0.4289129471790793
-0.046925963215813216
0.07419186096766094
0.6238804476465061
0.8288490731877702
1.0710847215547197
1.1269852557932463
-0.8668004653808711
0.8008988060685069
2.3661137647472543
1.5089722397565113
0.6518307147657694
-0.6618318398396068
-0.8295334425551869
-1.36058851782119
0.9220166302519821
-0.36369565723413183
0.18599292944471432
0.17667617373829356
0.24189346368324102
-0.4102794357662367
0.17667617373829356
0.8288490731877702
0.1953096851511351
-0.5407140156561326
NA
1.0058674316097722
-0.1028264974543399
-0.18667729881212994
1.1269852557932463
-0.2798448558763418
1.9654932693711458
-0.5313972599497109
0.8008988060685069
0.018291326729134246
0.22325995227039844
-0.8388501982616077
0.5866134248208219
-0.14009352028002506
-0.4754967257111842
-0.2984783672891833
0.4841291120501893
0.3723280435731359
-0.8202166868487661
0.754315027536402
-0.4661799700047634
-0.6245648170139227
0.5027626234630319
-0.8015831754359236
-1.118352869454241
0.4002783106923993
-3.42184683708331e-4
-0.7922664197295028
-1.2022036708120312
0.3164275093346092
-0.4195961914726575
-0.32642863440844666
0.7822652946556654
-0.1587270316928666
-1.4723895862982435
1.7046241095913548
0.3443777764538726
0.5400296462887161
-0.30779512299560513
-0.4195961914726575
-1.3512717621147692
-0.6897821069588702
0.4095950663988211
-0.7456826411973969
-0.12146000886718249
0.5213961348758744
0.5213961348758744
-0.4102794357662367
0.2325767079768192
-1.0717690909221351
0.456178844930926
-0.1028264974543399
0.16735941803187174
-0.2984783672891833
-0.6711485955460276
1.0058674316097722
-1.5748738990688755
-1.267420960756979
0.5772966691144011
-0.6059313056010801
0.3723280435731359
-0.7549993969038177
-1.0904026023349778
-1.0904026023349778
-1.0251853123900303
-0.9227009996193978
-0.8015831754359236
-0.9413345110322403
-0.20531081022497252
-0.5872977941882376
-1.1090361137478204
0.47481235634376856
-1.2208371822248738
-1.267420960756979
-1.36058851782119
-1.0158685566836085
-1.0345020680964512
-1.8450598145550876
-1.0345020680964512
-1.4630728305918221
-0.009658940390129099
0.38164479927955774
-1.2301539379312945
-0.28916161158276255
-1.3885387849404534
-0.8481669539680295
-0.7270491297845543
-0.4754967257111842
0.8661160960134554
-0.4289129471790793
-0.1587270316928666
0.36301128786671516
-0.6804653512524494
2.6549331916463084
-0.25189458875707843
