-0.1303736093551787
-1.054962229759014
-0.6180518001505461
-0.7611245816772626
0.32807465833257954
-0.6811268973827546
-0.13345044336650622
0.32038257330426145
-0.11498943929854251
-0.06576009511730688
-0.19498712359305098
0.18654029381152676
0.17115612375489056
-0.5180546947824107
0.07577426940374635
0.3496124964118703
0.19577079584550838
-0.9857334645041511
0.20346288087382647
0.5542219581651319
0.038852261267819405
0.12346519657931845
1.1926650155155338
0.8634437763035192
0.8772895293544919
0.13269569861330008
-0.021146001953061832
1.498809999642594
1.0834374081134168
NA
-1.5811008456959716
-1.6334070238885348
-1.0241938896457417
-1.470334821288191
-1.3041857846765204
-1.6318686068828712
-1.4887958253561546
-1.5826392627016352
-1.3749529669370466
-1.1857276752404216
-0.2088328766440232
-0.19191028958172346
-0.3472904071537489
-0.20729445963835966
-0.2903689779441952
-0.49190160568612923
-0.6765116463657636
0.051159597313128094
-0.5426693668730288
-0.6657427273261184
0.6234507234199946
0.5680677112161044
0.02039125719985571
-0.6211286341618734
-0.153449864440133
0.38653450454779725
-0.43036492545958444
0.6111433873746855
-0.4011350023519756
-0.6303591361958549
-1.7195583762056974
-1.8703232427607321
-0.7811240027508898
-1.6687906150187979
-1.3703377159200558
-1.6749442830414525
-1.8303244006134778
-1.8103249795398508
-1.0041944685721145
-1.648791193945171
-1.6903284530980887
-1.6826363680697705
-1.7349425462623336
-1.6318686068828712
-1.6826363680697705
-1.6549448619678255
-1.6980205381264066
-1.785710307449233
-1.539563586543054
-1.434951230157928
-0.7765087517338988
-0.6611274763091273
-0.5395925328617015
-0.7918929217905349
-0.47497901862382946
-0.7518940796432809
-0.9426577883455698
-0.8641985210567251
-0.9641956264248603
-0.0011465808794346086
-0.11652785630420605
-0.8534296020170797
-0.5688224559693101
-0.8411222659717708
-0.8303533469321255
-0.5411309498673651
-0.6965110674393907
-0.8411222659717708
-1.10419157394025
-0.5549767029183377
-0.2765232248932225
-0.5149778607710835
0.2280775529644443
0.8926736994111281
0.6757569016125579
0.11884994556232742
NA
0.7772924239863566
0.20192446386816296
-0.2765232248932225
0.04808276330180103
-0.356520909187731
-0.43036492545958444
-1.0657311487986594
-0.3426751561367583
-0.45805643156152975
-0.5349772818447107
-0.15960353246278755
-0.7411251606036355
-0.15037303042880593
-0.47805585263515676
-0.642666472241164
-0.07806743116261557
-0.610359715122228
0.12654203059064553
0.30807523725895275
0.4280717637007148
-0.1765261195250873
1.0526690680001445
0.20346288087382647
0.45268643579133305
-0.03806858901536156
1.0634379870397896
1.0111318088472265
-0.7795855857452261
0.2957679012136436
0.9388262095810366
1.7634177246167364
0.43422543172336936
0.9403646265867002
-0.7226641565356721
NA
1.5649619308861298
1.1218978332550074
0.44191751675168744
0.9265188735357275
0.038852261267819405
-0.3180604840461405
-0.1457577794118149
0.10654260951701873
-0.7503556626376174
-0.5826682090202828
-0.11345102229287898
-0.35036724116507645
-0.3657514112217126
0.4003802575987699
-0.31190681602348597
-0.5226699457994016
-0.6565122252921365
-0.29190739494985873
-0.07960584816827954
0.5003773629669052
0.3019215692362982
0.32807465833257954
0.09577369047737314
-0.6811268973827546
0.3342283263552341
-0.1565266984514605
-0.1857566215590689
-0.2826768929158771
0.10038894149436417
-0.6288207191901914
0.41114917663841505
NA
1.3634293031441955
-0.04268384003235259
1.1111289142153618
1.978796105409643
-0.03653017200969803
1.5218862547275485
0.2080781318908175
-1.067269565804323
0.4311485977120423
0.15115670268126333
1.7788018946733726
0.7972918450599834
0.025006508216846742
-0.15037303042880593
-0.27806164189888605
-0.49344002269179293
-1.1503440841101584
-0.7780471687395625
-0.17960295353641478
0.14654145166427274
-0.3903660833123304
-0.7857392537678806
-0.6672811443317819
-0.553438285912674
0.051159597313128094
-0.9841950474984873
-0.20267920862136907
-0.933427286311588
-0.06576009511730688
-0.9811182134871603
-0.47497901862382946
0.9957476387905904
-0.2242170467006594
-0.09345160121925176
-0.35190565817073993
-0.28883056093853166
-0.4626716825785206
-0.8103539258584984
-0.27498480788755897
-0.4180575894142755
0.0357754272564919
0.13577253262462716
-0.3595977431990581
-0.3042147309951678
-0.15191144743446947
-0.7011263184563815
-1.1534209181214854
-0.8718906060850432
-0.51343944376542
-1.587254513718626
-1.1457288330931674
-0.9903487155211419
-0.4842095206578111
-1.1564977521328128
-1.6334070238885348
-0.7457404116206263
-1.0318859746740596
-0.8580448530340707
-1.6195612708375622
-0.8518911850114161
-1.7180199592000338
-0.5303620308277197
-0.682665314388418
0.021929674205519677
-1.3211083717388201
-1.4811037403278364
1.3788134732008317
0.6557574805389306
2.3172478466556394
1.054207485005808
-0.7457404116206263
-0.6118981321278917
1.2803547848383598
1.2018955175495154
2.086485295806096
NA
0.2234623019474537
0.4357638487290329
2.471089547222001
1.3634293031441955
0.15115670268126333
2.5787787376184546
0.26038431008338064
0.42961018070637874
3.3633714105069004
0.1419262006472817
-0.5042089417314384
-0.4995936907144473
-0.30113789698384036
-1.0026560515664509
-0.8995821121869882
-0.6442048892468276
-0.9857334645041511
-0.9195815332606155
-0.7134336545016905
-0.6626658933147911
-0.7103568204903632
-0.9441962053512334
-0.5518998689070105
-1.462642736259873
-1.281109529591566
-1.358030379874747
-0.6026676300939098
-0.6318975532015186
-0.9503498733738879
-0.7842008367622169
0.3573045814401884
0.09731210748303668
-0.45805643156152975
1.1203594162493433
-0.13345044336650622
-0.28113847591021357
0.44960960178000553
-0.6011292130882463
1.3972744772687948
-0.18114137054207832
0.23423122098709886
-0.9457346223568969
-0.4134423383972847
-0.5488230348956832
0.5665292942104405
-0.7872776707735442
-0.1488346134231424
-0.056529593083325246
-0.1734492855137602
1.6372675301523198
-0.1857566215590689
NA
-0.6042060470995736
0.4157644276554061
-0.3242141520687946
-0.4626716825785206
-0.5518998689070105
0.4742242738706234
0.012699172171537614
-0.15037303042880593
0.1896171278228538
-0.48882477167480215
0.3403819943778887
3.16337719977063
1.7911092307186818
1.4557343234840125
-0.1488346134231424
-0.2903689779441952
-0.37498191325569424
0.3819192535308062
0.9880555537622723
0.9757482177169635
0.18038662578887218
0.41114917663841505
2.3172478466556394
1.9941802754662792
-0.11806627330987002
0.47730110788195085
0.21884705093046267
-0.1380656943834968
2.3095557616273212
NA
1.9403356802680527
1.126513084271998
-0.15960353246278755
-0.03806858901536156
0.28192214816267097
-0.4411338444992298
-0.10422052025889736
1.1957418495268608
-0.6288207191901914
0.8126760151166196
-0.473440601618166
-1.73340412925667
-0.3642129942160491
0.1096194435283458
-1.0595774807760048
-0.7888160877792079
-1.005732885577778
-0.7949697558018622
-0.759586164671599
-0.6626658933147911
-1.23188018541033
-1.4672579872768639
-0.5380541158560378
-1.6318686068828712
-0.6272823021845279
-1.5087952464297816
-1.1580361691384764
-1.0811153188552955
-0.13960411138916035
0.21423179991347208
-0.7688166667055807
-0.561130370940992
0.5096078650008867
-0.2519085528026047
-1.0072713025834417
-0.44574909551622066
1.3541988011102137
1.7295725504921369
1.006516557830236
1.1434356713342977
3.0587648433855037
3.3941397506201727
1.483425829585958
1.0326696469265173
1.5326551737671936
0.05731326533578266
1.0157470598642175
0.7326783308221115
2.086485295806096
2.778772948354725
2.6556995879016356
2.424937037052093
2.5095499723635917
2.5787787376184546
NA
2.8095412884679973
2.994151329147632
2.3326320167122754
0.4280717637007148
-0.6749732293601
0.7942150110486563
-0.07960584816827954
-0.10114368624756985
0.11884994556232742
1.0757453230850988
0.90651945246210075
1.0557459020114717
1.4280428173820672
1.1726655944419067
0.7434472498617567
1.809570234786645
NA
3.3018347302803557
1.9941802754662792
2.6249312477883633
4.117195743282073
NA
2.0018723604945974
0.5742213792387586
0.6819105696352119
-0.05960642709465231
-0.12268152432686061
0.02346809121118321
-0.6195902171562098
0.16346403872657247
0.25884589307771666
0.26807639511169873
0.5034541969782322
-0.8072770918471711
-0.7826624197565534
0.529607286074514
-0.09499001822491573
0.8388291042129014
0.5172999500292049
-0.13498886037216973
-1.721096793211361
-0.13498886037216973
0.03269859324516484
-0.7534324966489445
-0.8826595251246886
-0.8457375169887617
-0.6272823021845279
-0.6226670511675368
-0.005761831896425641
-0.578052958003292
-0.3903660833123304
-0.056529593083325246
-0.34113673913109477
-0.35036724116507645
-0.4826711036521476
-0.14268094540048784
0.1526951196869273
-0.9749645454645057
-0.43036492545958444
-0.5195931117880745
-0.0903747672079247
-0.5595919539353286
-0.15960353246278755
-0.23190913172897748
-0.2565238038195957
0.04808276330180103
0.32499782432125246
-0.3595977431990581
0.443455933757351
0.37268875149682457
-0.8903516101530067
-0.12421994133252415
-0.29190739494985873
-0.6657427273261184
0.1680792897435635
-0.49651685670312024
-0.3811355812783488
-0.3857508322953394
-0.2565238038195957
0.43422543172336936
-0.34113673913109477
-0.4826711036521476
-0.6118981321278917
NA
NA
NA
NA
NA
NA
NA
NA
NA
NA
NA
NA
NA
NA
NA
NA
NA
3.571057706271489
NA
NA
0.5311457030801775
-0.6734348123544365
0.1680792897435635
0.5096078650008867
1.446503821450031
0.7711387559637021
2.1941744862025496
0.25576905906638964
1.404966562297113
0.8680590273205102
0.9357493755697092
2.12186888693636
2.2403269963724584
2.1941744862025496
1.6249601941070106
1.126513084271998
3.547981451186535
1.1695887604305795
-0.3949813343293215
1.5480393438238298
1.0957447441587256
-0.21037129364968715
0.6849874036465394
-0.024222835964388897
0.2757684801400168
1.1172825822380164
0.12346519657931845
0.6834489866408759
0.10654260951701873
0.9634408816716544
-0.17498770251942375
0.9449798776036912
0.5172999500292049
-0.22883229771765043
0.5311457030801775
0.9880555537622723
0.3096136542646163
-0.0026849978850985775
-0.33652148811410376
-0.2949842289611862
0.4988389459612416
0.6449885614992854
0.16346403872657247
-0.4211344234256028
0.38653450454779725
-0.16268036647411463
-0.11191260528721544
-0.03037650398704346
0.24653855703240798
0.1526951196869273
-0.32729098608012214
-0.11498943929854251
-0.46421009958418413
0.09269685646604607
-0.47497901862382946
-0.7026647354620451
-0.2042176256270326
-0.05960642709465231
0.5219152010461959
-0.4795942696408203
0.08346635443206445
-0.2934458119555223
-0.570360872974974
0.5111462820065503
0.8019070960769744
0.16346403872657247
0.5680677112161044
0.5665292942104405
-0.9241967842776063
0.41730284466106965
-0.6180518001505461
0.9172883715017458
-0.7257409905469994
-0.054991176077661276
-0.4549795975502025
0.5680677112161044
0.16961770674922702
0.37268875149682457
-0.24575488477995014
0.6649879825729123
-0.6226670511675368
-0.12268152432686061
-0.3595977431990581
0.42961018070637874
0.7957534280543198
-0.8272765129207984
-0.6442048892468276
-0.719587322524345
-0.0903747672079247
-0.1380656943834968
0.12654203059064553
-1.4841805743391636
-0.5472846178900196
-0.28883056093853166
-0.03806858901536156
-0.3334446541027767
-0.1488346134231424
0.24961539104373506
-0.1965255405987145
-0.07960584816827954
-0.4395954274935663
-0.9072741972153063
-0.29652264596684974
-0.9257352012832698
-0.8595832700397342
-0.4949784396974565
-1.5241794164864177
-0.48574793766347485
-0.7272794075526631
-0.8626601040510615
0.41114917663841505
-0.6057444641052371
-0.1565266984514605
-0.978041379475833
0.0465443462961375
-0.7518940796432809
-0.39805816834064855
-0.3703666622387032
-0.4011350023519756
0.6772953186182213
1.974180854392652
2.8864621387511784
2.7326204381848163
-0.7826624197565534
