0.2990784242486464
0.22856876137853605
0.31494992871135535
0.02138126495834729
1.9132816754281676
0.8911873445564161
NA
0.1790074003294809
0.2336830423367125
-0.20059291891097164
0.1902173087748205
0.050590643902592915
-0.9927812656070073
-1.4611057054472831
0.39325356248390436
-0.960139412607163
-0.03732049012971341
-0.021599619559138274
0.20418526711365012
-0.24075110699571384
-0.5424333721688803
NA
0.44413211038314615
0.42061607516491456
-0.13170592019792432
-0.16441752561569037
-0.47317539095086125
1.2125771830344882
-0.16154284472015845
NA
-1.2828796617496874
-0.5749287212161853
-0.547403838242692
-0.08093232135191306
-0.281780909198184
-0.9394191244998165
-0.17932286715086357
-0.8329849642590925
-0.40716805754320284
0.09374591155917243
-0.28396104818325635
1.8731016480888132
0.20911548093644208
0.3407448863785552
-0.48918161270280364
0.6912311922576132
-0.5930277249347549
-0.7360248268084871
-0.9320588517063568
0.25580728791153123
-0.12424975406056966
0.37429120871537674
-0.4076591056855806
0.21375643982157716
1.0096358886160253
-0.34962181850565655
-0.5196110662766447
-0.44338184336011144
-0.5511442022270809
-0.7424744353555769
0.32968928939833464
-0.7027732255058452
0.7371504492137119
-0.12169023446820564
1.004268868758108
-0.8314554373604748
-0.6412789108160593
-0.8109812869512449
0.49590632741339313
-0.02868672574960937
0.5180361102905899
-1.1657856038425878
0.38311412935521444
1.2226967999925682
0.7711819724356349
0.13900808926174246
-0.3382339331198315
0.1271629114974278
-0.2703198200047565
1.2855727260770697
-1.3602730668881566
-1.740007571468219
-1.2169269348557157
-1.4949613753386348
-1.2267419122228602
-1.7836835507886866
-0.7953866182873514
-0.9626500766057817
-1.533821019941483
-1.41319626578457
-1.4389818410332178
-1.8155881216107035
-0.7557497743420333
-1.071445707824411
-2.6249217533680933
-0.6084602788095274
-1.424344602108164
-1.4639021981253564
-1.835477437389255
-2.0119267651566095
2.8455260038510333
2.1113244342521904
2.9318957112297648
2.1916063090906
0.8464381715310664
2.0088794480078276
2.746238255900903
2.2643080819065955
2.8895250776446417
2.440993465460702
3.4302482423702676
1.7815079357178059
1.5309189040969504
0.15133774328686825
0.5329447063521978
1.8818916548692846
-0.7449841820552393
-0.449601729252971
-0.5166861726875414
1.0476420598398732
-0.16263680121466592
0.34506363039228827
0.44538318050260023
0.45200337733556556
-0.14969777585891597
NA
-0.0911014556993315
-0.11586263838530546
-0.9348293333044272
-1.0219640680129884
-0.9725592509420392
-1.2113758729938928
-1.1348069730171453
0.7789225221924445
-0.32276328830117024
-0.9450146774553259
-1.0727669701626559
NA
1.3498134170886915
-0.3138968566952985
1.7873428324951413
NA
1.6641777968924751
2.2959594530851035
1.7374269081735798
1.7878686416605372
0.8169046216486948
2.4466520523522775
1.1495815138332184
3.906365011189736
0.2069553214765899
0.005038729575698485
2.179475365475527
0.44204502907350585
0.318071308574685
1.1966037746159994
0.8809156444576226
0.3892065567674789
0.2509679453255619
1.1564095354256874
1.404901487597132
2.4017973396839594
1.3553096378763636
0.6206876228347458
3.073200811197903
1.2343264501992919
1.9623355020851043
2.3015421847981186
1.2129356333089658
1.6197580095869912
-0.2200284858494685
1.104447075246084
1.7570770392963344
NA
0.8656069510734741
0.14762822819204854
-0.1416314299950531
-0.05762904922866355
-0.01859139836527139
-0.7450565690897986
1.047511577204727
0.04449285929687798
-0.00824522113064403
1.655917025535604
0.9142911355709457
-0.02142137036097239
1.721003445242341
0.5152721000481723
-0.7060430570112797
0.5288328279132136
-1.3965490405480296
-1.1113871787949252
-0.2994177492200604
-0.07898550719962251
0.10725895663278776
-0.2991783300038004
-0.22440656947196325
-0.1805969325729289
-0.214432698333495
-0.2691179950169605
0.025838475040155236
0.7454616971446758
0.48893990677012633
0.1784953925342314
-0.514030009995514
NA
-0.5535342602615119
0.6752542696207464
-0.8691752898410422
-0.004599163018440007
0.6816248354801167
-0.6267853066664425
0.5684700781507638
0.1317190558320017
0.5020491937025334
0.9212153772165269
0.3560244733222941
0.8592865853419359
-0.10214068789862178
-0.04187621560631597
-1.1669278965469563
-0.46089348254585677
0.7234976102922533
-0.7997647773042806
-0.46286262601658523
-0.864919810135258
0.35133773744950275
0.024987112705328888
-1.3044846490977773
-0.43181441869356896
0.19932633872895342
1.5632294236873643
0.7465276990581945
2.251285138356342
-0.3518613850596634
0.42224557089548637
0.04984196459937306
0.6593561174139186
0.7023648601750601
1.149845168171685
-0.281042789304415
-0.5048498453921553
-1.0179871204808029
-0.7356442985303546
-0.73813069808671
-0.7373461645411667
-0.5973622766483161
-0.8557096134153747
-1.4629546534346343
NA
0.015531008659213516
-1.613429186864913
NA
-1.3536730841408746
-1.8468938176828515
-1.842119511174049
-1.821514714775064
-1.0304460256986403
-1.7912895801195086
-1.8899272940071843
2.647059511549163
1.609698536444977
1.4211235887473612
-1.2938397088495481
0.39999576007810217
NA
0.810767514656657
-1.712246611765074
0.1551168474450014
NA
-0.132547644610837
NA
0.3770571080072439
-0.6290931512583123
-0.05326947075133069
-0.06107124916634963
0.2756198060810884
0.5971291698697839
0.23469141777057248
0.1777270562264288
0.06664728358851264
0.2539358304968149
2.451804675569125
1.2873535928898048
0.7667602019267585
0.8885248236003873
2.272951777409194
0.6810240884351179
0.5865314097834158
0.8619551210984283
1.1162854716998467
NA
0.3201612674385865
0.06374394861918005
-0.009550491471553731
-0.8877735513182221
0.9505280632907563
0.7646604878607102
-0.033197222942495774
-0.6035081252062102
0.5785838855487843
NA
0.4650264716746879
-0.24125239202690413
0.22301315909630645
0.16139409174841832
0.5624406721088253
0.7307646034155568
0.3500308796368825
-0.19184205021931647
-1.9195470029742039
-0.4185436075617796
0.35210529049289885
-0.7476204950680182
-0.41739978183723764
-0.28283485637929595
-0.47756416801735757
0.3862532269107194
0.11965624365450118
-0.17380963654098647
-0.3675233977081444
1.2606316397039439
0.32021548860294147
0.8659393441935715
0.3007156897945807
-0.19076674128168072
1.0021910693411062
0.6596310976719226
0.22987005256872062
1.1236064095412437
0.7796746654510852
NA
-0.2415464763969689
0.22972326379276123
1.4270117558814566
0.3809344301710118
-0.19305107956421474
0.5709511163250894
1.7700419542632762
NA
-0.8870744354787182
-0.04752218230722312
0.16072501221402
-0.484024369482535
0.9617970055785376
0.8400632286058981
-0.279744040582115
-0.38688642682321306
0.1556354396875558
0.6309040713785758
2.336707309421511
0.7003878379858969
0.13039252844906038
-0.12544519984146593
1.9168014813707335
-0.450734040571889
0.7889391671069172
1.142067771479161
0.1693581985701245
0.30936792581120987
0.026649677272716124
0.7860586724627467
-0.7964827444661494
0.8280431985815632
-0.34112421647478564
0.5339305849244316
-0.058964791486968086
0.20625022015667946
0.2263525670993148
0.1268312094929821
1.380551141752076
0.8766128421782675
0.5909673293145544
0.10994889603160175
0.9187623773947846
0.5573542200742471
0.17002144760156587
-0.0281659638227639
1.2867409000154706
0.3674973659333471
1.538481146015478
-0.15598731364378332
0.005771027343669678
-0.009833279242137992
1.9214327813910557
0.7981654395957302
0.24984606775870238
0.8020090981443637
0.3012174774553369
-0.4446186429884909
0.6912289597446278
0.9942154271708767
0.1093204959833532
2.0595778283393953
0.9798147843593586
-0.24948539310029436
0.6937176420769254
1.0104192326049304
-0.08628132193991415
1.2940244547829496
1.1403468474306655
0.3845016089501046
-0.2532639946288625
NA
-0.10920569933111865
0.45653844473703536
NA
0.2793669597531883
0.0750802055714916
0.8612493789258221
0.22701044218298735
0.8161403273203135
0.5653562502966523
-0.15993597988576266
-0.026841166323243914
0.1410111141537496
0.6753264597920596
-0.36068113075608005
-0.19920583723115343
1.251364218608053
0.08328187606864594
-0.847739625827755
0.29978792776583235
-0.27543654709348364
-0.6051369549526082
0.3325071312671935
-0.2129601654390008
-0.05977360204051348
-0.3156740459350476
0.4257771048612415
-0.4028299832341045
-0.5405137377103321
-0.46988202800461326
-0.29127200463920294
0.408907009486877
-0.7414064019808984
0.011947728979712623
-1.2037080663009183
-0.31972103070857466
-0.984419951582761
-1.613236470312426
-0.8014781702864564
-1.2125272632933926
-0.5198661549696026
-1.602654861389422
-1.8677121604412246
-1.7966273385595672
-1.4165728683754089
-2.070240180265378
-1.6076156518441018
0.12063405921079257
0.742000292569016
0.050936930541590625
0.6446899856660202
0.8769727040041081
-0.5450057842095937
0.997936996998105
1.4214848537474047
0.3006687735132419
0.8297761564195669
-0.05752120586685347
0.20857128809469574
-1.4632313803303776
-1.559690220184054
-0.5408254141151807
0.6866596130068054
0.44238152281313986
-0.4330480978300643
0.4780763268495813
-0.33750238510762826
NA
NA
NA
NA
NA
NA
NA
NA
NA
NA
NA
NA
NA
NA
NA
NA
NA
NA
NA
NA
0.6972300426105622
0.08786571948084557
-0.21676990068055701
0.16602640121645046
-0.3111008917782686
-0.21434920737412302
-0.04601313756339011
0.5158258637945579
0.06918855772765693
-0.633818258709834
-0.5145075038939477
-0.8885177991041083
-0.35305821726044423
NA
-0.45609898289426903
-0.7509429602660966
-0.04385969658539352
-1.2016413875630478
-0.9942929826646949
-1.508178991508099
0.5114926231064457
0.12678979281680366
0.7938393194931265
0.6512309345708609
0.24723341603270899
-0.13574556657979847
1.620953241750322
0.20583792150144137
-0.4096125168509153
-0.048839176482742906
0.043608155867554774
-0.009853652493850078
0.9608259085041028
-0.007801813893894505
-0.49270804497847226
0.1583214543871817
0.613216612370896
0.4980024769981077
0.6133544962263904
-0.06954619098098601
-0.23382625381749453
-0.6409019512078402
-0.5269254489907944
-1.0115057750652456
-0.009342050990832665
-0.7892824419089988
-1.9362627575633902
0.04885313726702273
-0.1569341337102155
-1.3291141051404318
-0.5568657895460836
-0.41583697667281877
-0.3184527999780464
-1.1567641864102627
-0.6835718504361294
-0.10126430717718402
-1.0716621652466978
-1.0064400983860315
-0.504251288974345
0.36287463155853333
-1.26319019148629
-0.747288139645138
-0.7148685326847403
0.585000345676044
-1.2217736660962952
-0.6108485273775227
-1.1355447620131172
-1.1164761188458523
-1.0093613185907282
-1.2952837300819524
-0.7628903351867712
-1.0938337878466238
-0.33020249069069757
-0.6498859478690299
-0.7898361218837893
-0.15255990776963538
-0.57792452745979
-0.7085563598151164
-0.8566893640954916
-0.1482026120682449
-0.9430627993101651
-0.7565264626777785
-0.41904859110885445
-0.6738488291479529
-0.3944056520281114
-0.4830678779855515
-0.9685877485634774
-1.4591245533185244
-0.6768788560877933
-1.4983695137461146
-1.4222118066395608
-1.8898563352783064
-1.7481935808658349
-0.45920425766861145
-1.4610396012822897
-1.107485370194169
-2.190558581702254
-1.810340849058134
-1.5752281461586068
-1.7749059422041586
-1.6274014091778874
-1.6180853461058173
-1.1642418986016496
-1.3015855571596917
-1.5220992963755602
-1.5758766639552064
-1.674888066170347
-0.5609967595313894
-1.3560743382488722
-1.5474555799010843
-0.8664768978883717
-0.5388218028220135
-0.2994906807699824
-0.6928439250440784
-0.7076571303913564
-0.6924548981377131
-0.8596776979128925
-0.7525795221306399
-0.6080499906725507
-0.8260651918280627
-0.11867707912743966
0.007670636202621689
1.5334243114280326
0.2941754152510743
