0.10266492692612703
-0.6282717921283789
0.5206037894420962
0.6442402363951889
0.7896232218575775
0.3293495618050864
NA
0.4606824758621773
-0.5636400928132096
-0.4250575283898245
0.43471589421612583
0.3469393015778897
0.3356505682225867
-1.6929592967092162
-0.8895244406845476
-0.7621289806585628
0.8605543910806792
-0.6510511089003259
-0.131204665629938
-0.07700107541938193
0.22496427850119666
NA
0.285395636065068
-0.06768209832049267
1.0710394793656453
-0.4548866586128334
-0.5703750136990645
0.6656675962862683
-0.14651652016391356
NA
-2.019069017696691
-1.6166818767476567
-1.0068285016267824
-2.062474494065242
-0.5114109443555521
-1.579253986235703
-1.3888720867883027
-1.8594731716835806
-1.1970674015348621
-0.4727138540542955
0.17844588643250953
1.1501485185991998
-0.7109351774392725
-0.597206231184585
-0.5822390007985117
-0.29203506644983745
-1.0355128133678262
0.2317449859018732
-0.8278110055677568
-0.16922470413957857
0.642340580018339
-0.9076497251088935
0.11198957465203946
-0.2792602330468877
0.38799816514919677
-0.1272410125178021
0.23518384380301838
-0.48670955336059835
-0.44244224950978117
-0.7315809403983966
-0.39891005766265647
-1.1490944899589117
0.33151400999771846
-1.6289679971834727
-1.8532071116691315
-1.576028034158136
-1.4627810997774122
-0.513222351905679
-0.20741729242879747
-1.1841534429492577
-0.4718399121620521
-2.054134896007679
-1.5339838697346968
-1.3607575223528028
-1.076342522588125
-2.050959037327818
-1.0892774972918577
-0.9323270821044841
-1.6989436032635712
-1.2810672058655006
-0.6290433858194053
-0.818906041830024
-0.9604269222692541
-0.575628119364995
-0.46273880942446294
-0.9627629620672357
-0.08170646811117598
-0.7440585069858632
-0.8539787339605622
-0.15405673502723446
-0.7589251388801813
-0.4193304082964683
-0.8043387193041815
-1.3513596784477413
-2.5035968929974186
-0.5563985844772888
-0.6880180649207809
-1.0257086067919994
-0.6105132862614436
-0.7614855384821667
2.96191423229232
0.8715159397942194
1.7919678259910479
2.5549831889929746
1.8865755857884023
2.173149887541413
2.441489692612555
1.0238447939578337
2.7188714215224192
1.6183126637842036
0.6400321900408842
1.6733856586502127
1.5016959936030791
0.6920329560781774
0.07784975948055083
1.1148180592217487
-0.7764940769600351
0.40548742773363267
-0.18541210324085164
1.421141157678548
0.6106606259961309
-0.4250753783670224
0.19079853013590065
0.13248475109636151
-0.6951649112791919
NA
-0.04610002269830506
0.14130887041512738
-1.4304868923594791
-0.8682671064823676
-1.2163748658843856
0.10253220386667752
-0.31093237341556823
0.748569285164243
0.1480655548440212
-0.9470605571878471
-0.12931419277718798
NA
0.5453248144317384
0.655444886898677
0.514568555069767
NA
0.769320060097952
1.5885083787003786
1.4934448502204132
1.1771670162614611
1.0186249964865863
0.915826143384303
0.44345887259653416
1.3070156363435572
0.4834341415883102
0.5562760425550857
0.9745915912970284
-0.3315196889720074
-0.5136582488879753
1.6972938124892023
0.49360901578165384
0.6024495127311915
0.0830790798803252
1.1058851197372168
1.6178552605690841
1.732432798758694
2.040894169607544
1.4344031320057462
2.35309225576123
-1.343788628018375
1.1968079705783
1.5825418290014293
0.9498971280732899
1.976389460235178
0.5129119073610707
1.585679812842935
1.9232685407379544
NA
2.324335637399209
0.7591146468579529
1.6956332573410988
1.2032036071158558
1.4931950167051273
0.06302811398881566
1.3147266574034289
0.8164194831377521
1.350289453201547
1.3001180855995538
1.1520553208483053
2.340480027710694
1.0831876361906334
1.7656542357891019
1.116297932362193
2.474256365695478
0.03542396112329075
0.07707251721766276
0.9193936343377667
0.9563266719707438
1.5903650189357212
0.763883965209436
0.974908303413041
0.527773319533885
0.9139608942843392
-0.7290279157972863
0.8970066960390464
1.5772226938584804
0.8973172180064594
0.4404795021232502
-1.1704448724359684
0.4758655221278317
0.5182359093429437
1.3877882878156258
0.11151412418855719
0.08400905536037988
1.4131685746587368
0.6306967107802093
0.40256552320835537
0.7582432302816764
1.3914554779003792
1.033010170336546
0.36264617017686385
0.014255991984053433
0.8614483896915353
0.9456090312858243
-0.22691488207086796
0.05685653215886556
0.5352626065792316
-1.8989925029031751
-0.7897816168950195
0.10539664121865909
0.2404481694196073
-0.793897306036168
-1.7480138032236374
-0.27407379400708
-1.0784911020922145
0.6600567840859349
-1.0860482761492747
1.263896156603074
-0.7678528341374748
1.0191423627840852
-0.16806790602917654
-0.4634186818261501
-0.41041882678506447
-0.05036158100031469
-1.3039878337316428
-0.4588839360436313
-1.024743325899879
-0.7741753553648069
-0.770419244996197
-0.1471229819612734
-0.7476651225701548
-1.3638614395471351
-0.9073845608059442
NA
-0.21720400191000716
-1.1974568650509387
NA
-1.6893340494147884
-1.4657195248437755
-1.8052033081639447
-1.5536188422016814
-0.9995696273019251
-2.7694230431556264
-2.129411411090501
-0.26783282296387606
1.1796875180766875
-0.1626622889229795
-0.020433488043344945
0.761402220439017
NA
0.04515958962568437
-1.5877747760202066
1.2855268552788817
0.6827252785735851
1.2314116351984363
NA
0.4887609274216503
0.320195573241316
0.649672225347847
0.8119224345270123
0.9867943211680361
1.530593951240891
0.4495794138821295
0.6399619320993332
1.5689466857320415
0.2546475640690797
1.4624332288493953
1.0826054877580154
-0.07411627625238977
0.22418313860119493
0.03149261882243289
0.6627263310052454
0.512589915484504
0.39099673341509084
0.803306968061557
NA
0.42825904847957813
0.9022889598534779
-0.176316733619909
-0.9663064288236292
-0.009249326784689977
-0.5939800377255303
0.08445445689190223
-0.1777041515242588
1.0018509852331086
NA
0.4239176492684408
-0.049267243106664894
1.1647848664281353
0.24347301150902176
0.5793016909728206
-0.0660771258546806
0.4484722754179286
-0.13970751721659827
1.1619960255920216
0.42243388461731596
0.8658056771958029
-0.3383713331230885
0.2968067988459358
-0.26559367761584096
-0.265071357484061
0.5009733872946445
0.7548849337582616
0.8569538578197543
0.548400983782604
0.37095209612958274
1.3314756556534382
0.1349827505206466
0.26252714169905017
0.45325116325883535
0.9572688451802737
0.7317457098369302
0.9313827513947488
0.9813176545850552
1.2772897009949016
NA
-0.0389140124998915
1.6878768749409034
1.1859407432125568
1.0166942521346218
0.36536767170443607
0.24946271790203137
1.1776843078164694
NA
-1.4450598426273091
0.8480806143050925
0.017337249950741464
-0.542097668695148
0.3634987455189722
0.4757776727445841
-0.04181381285241638
-0.9113799659986062
-0.6943348554820395
0.2630550528142164
2.2975293336689298
1.1813089338905214
0.7792814697369655
-0.6107922779252305
1.2657773552605047
-0.40647534924435486
2.1106011597519525
-0.5632584000656252
0.43993608500441594
0.6040391629863462
0.39506345887290645
0.0038318503578970192
0.6939608038522932
2.509934204890705
1.3238607191289808
1.480032052898073
0.7677303167210062
0.5526676931900595
0.6126793459358776
0.8791993943530608
1.1167524696316329
0.7817346898321266
1.3273426458589628
0.6224262262463848
0.4736501767493931
0.9750037226177559
2.0756495051212447
-0.519771611218573
0.615405755962121
1.5340308756395638
1.6522572944542036
-0.1499482824295601
1.4507667138617757
0.43079746766277327
3.3490117270295023
1.0941784704824968
0.08238379704733582
0.5889372723624904
-0.17096335048734798
0.3776220755930422
1.5306253590158436
0.6831062153192516
-0.4215223359947716
1.207845966156705
1.3105557886993253
0.486348999489557
0.6966947702218509
0.5954408860685367
0.5225013873372268
0.6315245586106589
0.17400900920289442
0.7882080989947976
1.1050670521455075
NA
0.05506764782955585
1.0619693604537983
NA
0.024355802661259612
0.05023020108487104
0.1836895096043759
0.19096913416013925
0.3190919770810736
0.8876354420814838
-0.47781892915355945
0.19483700538268625
0.27289249651809494
0.49523958326213285
0.3106667486345458
0.09412016685716995
1.4686046011553122
-0.08545311681559477
-1.262033464446791
-0.8118824666691674
-0.5098262650886942
-0.48520804165636194
-0.5631979995558801
-1.058531879545205
-0.9228517620936985
-0.6593263095628046
-0.5379045818666262
-0.4536690201147479
-0.3661244208168916
-1.1576620158554594
-0.14155288726452703
-0.17868684129035137
-0.13153577241454792
-0.7068033402442048
-0.7463402825100836
-0.4674029381347838
-1.3209290035030523
-0.9775799085843317
-1.3944303746220423
-1.2624682880779048
-0.7903482017354934
-0.42453695796750524
-0.4041899186897954
-1.4632402281962589
-0.443918260546428
-1.3505074608893612
-1.5497447808305338
0.764726491975007
-0.4748466285847527
-0.05143175378892036
0.9331472218858067
-0.4949312249213579
-0.644231981408695
-0.04418616647344908
0.5565576036451618
-0.4161877548872043
-0.42960448292939946
-0.5617491310710508
0.5081483564342635
-0.9613303249558235
-1.057091931147828
-1.2462654785453295
0.2649255461414181
-0.16497446013530698
-0.6876225350100654
-0.029179412013071154
-0.9001975532241251
NA
NA
NA
NA
NA
NA
NA
NA
NA
NA
NA
NA
NA
NA
NA
NA
NA
NA
NA
NA
1.3377930049454494
0.5385265621502618
0.3432543975227656
0.8251972057489011
0.9738413102435209
0.6973370091666697
0.7575486605655687
0.7534608123896784
0.5195172455973858
-0.03279410223696611
0.15469954028426736
0.0928689089415698
-0.5255082052289864
NA
-0.7692706072954694
0.08363623736463795
-0.4835443853075251
-1.24710554493513
-0.19497685202948958
-0.9219169234505808
1.3042099355619303
-0.20355590909952687
0.548207072354037
-0.7374142548680395
0.2955820120250209
-0.05503700072792634
1.0720793802201047
0.7147335592047945
0.1280520153359204
0.09170721948651017
0.590638499678571
0.08653102261854427
-0.684258042211617
0.3789564863678235
-0.1073984482958217
-0.2958552715677066
-0.9607939507851593
0.670583082768576
-0.14853977611516386
-0.41612378021604496
-0.656768992782251
-1.1430987551551524
-0.6103741512764946
-0.5451713298840609
-1.0048506927859275
-0.5222144702890786
-2.4715546988798773
-0.03195284486845625
-1.0584171167387597
-1.6165051352621478
-0.7445985839730493
-1.932014174084982
-0.669483125480205
-1.0659950826864752
-0.9150261179100697
-1.1085745025937868
-1.024950546392993
-1.308453534606481
-0.8414068411241516
-0.5417565206857204
-0.5723306705809847
-0.3014937985287658
-0.4813616056000069
-0.20441618536878245
-1.7623063453962113
-0.8601842317274171
-0.8672183786622487
-0.9563793823511807
-0.7911021255664725
-0.7222214406165115
-0.6692090594691045
-1.1196404273580949
-0.7971156662371068
-0.7905777665575601
-1.2853071317301523
-0.5775007642957086
-0.9611986948521438
-0.11872870049223817
-1.1984095034344977
-1.288732919497664
-1.0824398716463455
-1.2107607613385871
-1.0690653130725216
-1.1054596105061432
-0.9668322373467527
-0.95238739080737
-1.2577736080680608
-1.4070268209793937
-0.8856796342595544
-0.8533623375383322
-0.2644670460649267
-1.4097543423407093
-1.2005720463062524
-0.45881139661817383
-1.2719123044631107
-1.747768761804784
-1.8478371687863082
-0.5315761167733287
-0.9828652319397481
-0.4739253514152508
-1.1003474985851434
-1.7096493819475813
-0.8504499142818338
-1.367543173785467
-0.7674092031452894
-2.1845094422404254
-1.4941924415397894
-1.3112289021896248
-0.7741460256761618
-1.5593525849698555
-0.5087811579908861
-0.31556031205679835
-0.09771747248308574
-0.49999559354461537
-0.9521972373332284
-0.856782395865058
-0.6374793551294777
-0.509431722759089
-0.7925722086658816
-0.5926891956965754
1.1997514622053258
-0.12722349091744992
0.5280053814903239
0.5321934752753886
