sample	cluster_genotype	pca_sites	perc_1	het	triangle_genotype
PET0648	1	32	0.46875	0.9375	1
PET0649	0	36	0.05555555555555555	0.1111111111111111	0
PET0650	0	28	0.03571428571428571	0.07142857142857142	0
PET0651	1	26	0.5769230769230769	0.8461538461538461	1
PET0652	1	36	0.5277777777777778	0.9444444444444444	1
PET0653	2	32	0.9375	0.125	2
PET0654	0	32	0	0	0
PET0655	1	34	0.5588235294117647	0.8823529411764706	1
PET0656	0	26	0	0	0
PET0657	0	36	0.027777777777777776	0.05555555555555555	0
PET0658	1	30	0.5	0.8666666666666667	1
PET0659	2	28	1	0	2
PET0660	1	28	0.5	0.8571428571428571	1
PET0662	2	28	0.9642857142857143	0.07142857142857142	2
PET0663	1	34	0.47058823529411764	0.8235294117647058	1
PET0664N	2	38	0.9473684210526315	0.10526315789473684	2
PET0665	1	36	0.5277777777777778	0.8333333333333334	1
PET0666	2	34	0.9705882352941176	0.058823529411764705	2
PET0667	2	22	0.9545454545454546	0.09090909090909091	2
PET0668	0	30	0.06666666666666667	0.13333333333333333	0
PET0669	1	34	0.5294117647058824	0.7058823529411765	1
PET0670	2	28	1	0	2
PET0672	2	32	0.96875	0.0625	2
PET0673	2	38	0.9736842105263158	0.05263157894736842	2
PET0674	2	32	1	0	2
PET0675	2	20	1	0	2
PET0676	2	34	0.9705882352941176	0.058823529411764705	2
PET0677	1	34	0.5588235294117647	0.8823529411764706	1
PET0678	2	32	0.96875	0.0625	2
PET0679	2	18	1	0	2
PET0680	2	38	0.9736842105263158	0.05263157894736842	2
PET0681	2	38	0.9473684210526315	0.10526315789473684	2
PET0682	1	34	0.5	1	1
PET0683	2	20	0.95	0.1	2
PET0684	2	36	0.9722222222222222	0.05555555555555555	2
PET0685	2	26	0.9615384615384616	0.07692307692307693	2
PET0687	2	34	0.9705882352941176	0.058823529411764705	2
PET0688	1	22	0.5454545454545454	0.7272727272727273	1
PET0689N	2	32	0.96875	0.0625	2
PET0690N	2	26	0.9615384615384616	0.07692307692307693	2
PET0691	1	26	0.5769230769230769	0.6923076923076923	1
PET0692	2	32	1	0	2
PET0693	1	16	0.5625	0.625	1
PET0694	1	32	0.53125	0.9375	1
PET0695	2	28	1	0	2
PET0696	2	30	1	0	2
PET0697	2	34	1	0	2
PET0698	2	30	0.9333333333333333	0.13333333333333333	2
PET0699	2	28	1	0	2
PET0700	1	38	0.47368421052631576	0.9473684210526315	1
PET0701	1	30	0.5333333333333333	0.9333333333333333	1
PET0702	1	28	0.5357142857142857	0.7857142857142857	1
PET0703	2	22	0.9545454545454546	0.09090909090909091	2
PET0704	1	32	0.5	0.875	1
PET0705	2	36	1	0	2
PET0706	2	40	0.95	0.1	2
PET0707	1	24	0.5	0.8333333333333334	1
PET0708	2	34	0.9411764705882353	0.11764705882352941	2
PET0709	1	32	0.46875	0.8125	1
PET0710	2	34	0.9705882352941176	0.058823529411764705	2
PET0711	2	34	0.8823529411764706	0.11764705882352941	2
PET0712	1	38	0.5263157894736842	0.9473684210526315	1
PET0713	2	32	0.9375	0.125	2
PET0714	1	26	0.5	0.8461538461538461	1
PET0715	2	38	1	0	2
PET0716	2	34	1	0	2
PET0717	2	24	0.8333333333333334	0	2
PET0728	2	34	0.9705882352941176	0.058823529411764705	2
PET0730	2	36	1	0	2
PET0731	2	34	1	0	2
PET0732	2	42	1	0	2
PET0733	2	32	1	0	2
PET0734	2	34	1	0	2
PET0735	1	30	0.6	0.6666666666666666	1
PET0736N	2	36	0.9722222222222222	0.05555555555555555	2
PET0737	2	24	1	0	2
PET0738	2	38	1	0	2
PET0739	2	30	1	0	2
PET0740	2	24	1	0	2
PET0741	2	26	1	0	2
PET0742	2	30	1	0	2
PET0743	2	28	1	0	2
PET0744	2	38	1	0	2
PET0745	2	34	1	0	2
PET0746	2	22	1	0	2
PET0747	2	24	1	0	2
664647_GIG	NA	42	1	0	2
ann01-cwIA	NA	30	1	0	2
ann04-nwAR	NA	22	1	0	2
ann05-ccNM	NA	32	1	0	2
ann08-ceTN	NA	14	1	0	2
ANN0801	NA	34	1	0	2
ANN0802	NA	30	1	0	2
ANN0803	NA	38	1	0	2
ANN0804	NA	38	1	0	2
ANN0805	NA	30	1	0	2
ANN0806	NA	30	1	0	2
ANN0807	NA	28	1	0	2
ANN0808	NA	40	1	0	2
ANN0809	NA	42	1	0	2
ANN0810	NA	42	1	0	2
ANN0811	NA	22	1	0	2
ANN0812	NA	34	0.9705882352941176	0.058823529411764705	2
ANN0813	NA	40	1	0	2
ANN0814	NA	38	1	0	2
ANN0815	NA	36	1	0	2
ANN0816	NA	40	1	0	2
ANN0817	NA	28	1	0	2
ANN0818	NA	42	1	0	2
ANN0819	NA	26	1	0	2
ANN0820	NA	40	1	0	2
ANN0821	NA	24	1	0	2
ANN0822	NA	40	1	0	2
ANN0823	NA	28	1	0	2
ANN0824	NA	38	1	0	2
ANN0825	NA	26	1	0	2
ANN0826	NA	30	1	0	2
ANN0827	NA	24	1	0	2
ANN0828	NA	42	1	0	2
ANN0829	NA	42	1	0	2
ANN0830	NA	40	0.975	0.05	2
ANN0831-	NA	40	0.975	0.05	2
ANN0832	NA	36	0.9722222222222222	0.05555555555555555	2
ANN0833	NA	34	1	0	2
ANN0834	NA	34	1	0	2
ANN0835	NA	42	1	0	2
ANN0836	NA	38	1	0	2
ANN0837	NA	38	1	0	2
ANN0838	NA	34	1	0	2
ANN0839	NA	38	1	0	2
ANN0840	NA	40	1	0	2
ANN0841	NA	36	1	0	2
ANN0842	NA	32	1	0	2
ANN0843	NA	38	1	0	2
ANN0844	NA	38	1	0	2
ANN0845	NA	38	1	0	2
ANN0846	NA	34	1	0	2
ANN0847	NA	40	1	0	2
ANN0848	NA	36	1	0	2
ANN0849	NA	38	1	0	2
ANN0850	NA	38	1	0	2
ANN0851	NA	38	1	0	2
ANN0852	NA	38	1	0	2
ANN0853	NA	26	1	0	2
ANN0854	NA	40	1	0	2
ANN0855	NA	24	1	0	2
ANN0856	NA	28	1	0	2
ANN0857	NA	34	1	0	2
ANN0858	NA	40	1	0	2
ANN0859	NA	34	1	0	2
ANN0860	NA	36	1	0	2
ANN0861	NA	38	1	0	2
ANN0862	NA	34	1	0	2
ANN0863	NA	42	1	0	2
ANN0864	NA	34	1	0	2
ANN0865	NA	38	1	0	2
ANN0866	NA	34	1	0	2
ANN0867	NA	38	1	0	2
ANN0868	NA	38	1	0	2
ANN0869	NA	30	1	0	2
ANN0870	NA	36	1	0	2
ANN0871	NA	30	1	0	2
ANN0872	NA	32	1	0	2
ANN0873	NA	32	1	0	2
ANN0874	NA	38	1	0	2
ANN0875	NA	40	1	0	2
ANN0876	NA	38	1	0	2
ANN0877	NA	28	1	0	2
ANN0878	NA	38	1	0	2
ANN0879	NA	34	1	0	2
ANN0880	NA	38	1	0	2
ANN0881	NA	36	1	0	2
ANN0882	NA	38	1	0	2
ANN0883	NA	40	1	0	2
ANN0884	NA	34	1	0	2
ANN0885	NA	40	1	0	2
ANN0886	NA	28	1	0	2
ANN0887	NA	36	1	0	2
ANN0888	NA	32	1	0	2
ANN0889	NA	36	1	0	2
ANN0890	NA	34	1	0	2
ANN0891	NA	38	1	0	2
ANN0892	NA	38	1	0	2
ANN0893	NA	36	1	0	2
ANN0894	NA	28	1	0	2
ANN0895	NA	38	1	0	2
ANN0896	NA	36	1	0	2
ANN0897	NA	34	1	0	2
ANN0898	NA	40	1	0	2
ANN0899	NA	34	1	0	2
ANN0900	NA	28	1	0	2
ANN0901	NA	32	1	0	2
ANN0902	NA	30	1	0	2
ANN0903	NA	34	1	0	2
ANN0904	NA	34	1	0	2
ANN0905	NA	42	1	0	2
ANN0906	NA	40	1	0	2
ANN0907	NA	34	1	0	2
ANN0908	NA	42	1	0	2
ANN0909	NA	38	1	0	2
ANN0910	NA	30	1	0	2
ANN0911	NA	36	1	0	2
ANN0912	NA	32	1	0	2
ANN0913	NA	36	1	0	2
ANN0914	NA	34	1	0	2
ANN0915	NA	28	1	0	2
ANN0916	NA	40	1	0	2
ANN0917	NA	38	1	0	2
ANN0918	NA	42	1	0	2
ANN0919	NA	36	1	0	2
ANN0920	NA	42	1	0	2
ANN0921	NA	32	1	0	2
ANN0922	NA	34	1	0	2
ANN0923	NA	34	1	0	2
ANN0924	NA	38	1	0	2
ANN0925	NA	38	0.9736842105263158	0.05263157894736842	2
ANN0926	NA	42	1	0	2
ANN0927	NA	42	1	0	2
ANN0928	NA	38	1	0	2
ANN0929	NA	22	1	0	2
ANN0930	NA	40	1	0	2
ANN0931	NA	42	1	0	2
ANN0932	NA	40	1	0	2
ANN0933	NA	40	1	0	2
ANN0934	NA	26	1	0	2
ANN0935	NA	26	1	0	2
ANN0936	NA	36	1	0	2
ANN0937	NA	40	1	0	2
ANN0938	NA	36	1	0	2
ANN0939	NA	34	1	0	2
ANN0940	NA	34	1	0	2
ANN0941	NA	34	1	0	2
ANN0942	NA	38	1	0	2
ANN0943	NA	34	1	0	2
ANN0944	NA	40	1	0	2
ANN0945	NA	40	1	0	2
ANN0946	NA	42	1	0	2
ANN0947	NA	38	1	0	2
ANN0948	NA	30	0.9666666666666667	0.06666666666666667	2
ANN0949	NA	36	1	0	2
ANN0950	NA	36	1	0	2
ANN0951	NA	22	1	0	2
ANN0952	NA	36	1	0	2
ANN0953	NA	32	0.96875	0.0625	2
ANN0954	NA	40	1	0	2
ANN0955	NA	38	1	0	2
ANN0956	NA	42	1	0	2
ANN0957	NA	38	1	0	2
ANN0958	NA	34	0.9705882352941176	0.058823529411764705	2
ANN0959	NA	38	1	0	2
ANN0960	NA	30	0.9666666666666667	0.06666666666666667	2
ANN0961	NA	36	1	0	2
ANN0962	NA	42	1	0	2
ANN0963	NA	32	1	0	2
ANN0964	NA	38	1	0	2
ANN0965	NA	34	1	0	2
ANN0966	NA	32	1	0	2
ANN0967	NA	30	1	0	2
ANN0968	NA	40	1	0	2
ANN0969	NA	34	1	0	2
ANN0970	NA	30	1	0	2
ANN0971	NA	36	1	0	2
ANN0972	NA	40	1	0	2
ANN0973	NA	32	0.96875	0.0625	2
ANN0974	NA	34	1	0	2
ANN0975	NA	42	1	0	2
ANN0976	NA	34	1	0	2
ANN0977	NA	34	1	0	2
ANN0978	NA	40	1	0	2
ANN0979	NA	32	1	0	2
ANN0980	NA	38	1	0	2
ANN0981	NA	42	0.9761904761904762	0.047619047619047616	2
ANN0982	NA	42	1	0	2
ANN0983	NA	22	1	0	2
ANN0984	NA	28	1	0	2
ANN0985	NA	40	0.975	0.05	2
ANN0986	NA	40	1	0	2
ANN0987	NA	36	0.9722222222222222	0.05555555555555555	2
ANN0988	NA	36	1	0	2
ANN0989	NA	24	1	0	2
ANN0990	NA	36	0.9722222222222222	0.05555555555555555	2
ANN0991	NA	40	1	0	2
ANN0992	NA	36	1	0	2
ANN0993	NA	28	1	0	2
ANN0994	NA	36	1	0	2
ANN0995	NA	36	1	0	2
ANN0996	NA	36	1	0	2
ANN0997	NA	42	1	0	2
ANN0998	NA	36	1	0	2
ANN0999	NA	36	1	0	2
ann10-ccIL	NA	30	1	0	2
ANN1000	NA	20	1	0	2
ANN1001	NA	34	1	0	2
ANN1002	NA	36	1	0	2
ANN1003	NA	36	0.9722222222222222	0.05555555555555555	2
ANN1004	NA	42	0.9761904761904762	0.047619047619047616	2
ANN1005	NA	34	1	0	2
ANN1006	NA	34	1	0	2
ANN1007	NA	24	1	0	2
ANN1008	NA	28	1	0	2
ANN1009	NA	34	1	0	2
ANN1010	NA	34	1	0	2
ANN1011	NA	42	1	0	2
ANN1012	NA	42	1	0	2
ANN1013	NA	34	1	0	2
ANN1014	NA	38	1	0	2
ANN1015	NA	38	1	0	2
ANN1016	NA	38	1	0	2
ANN1017	NA	32	1	0	2
ANN1018	NA	38	1	0	2
ANN1019	NA	42	1	0	2
ANN1020	NA	30	1	0	2
ANN1021	NA	36	1	0	2
ANN1022	NA	36	1	0	2
ANN1023	NA	32	0.96875	0.0625	2
ANN1024	NA	32	1	0	2
ANN1025	NA	40	1	0	2
ANN1026	NA	30	1	0	2
ANN1027	NA	32	1	0	2
ANN1028	NA	36	1	0	2
ANN1029	NA	38	1	0	2
ANN1030	NA	36	1	0	2
ANN1031	NA	40	1	0	2
ANN1032	NA	38	1	0	2
ANN1033	NA	32	1	0	2
ANN1034	NA	36	1	0	2
ANN1035	NA	30	1	0	2
ANN1036	NA	36	1	0	2
ANN1037	NA	32	1	0	2
ANN1038	NA	40	1	0	2
ANN1039	NA	34	1	0	2
ANN1040	NA	40	1	0	2
ANN1041	NA	34	1	0	2
ANN1042	NA	22	1	0	2
ANN1043	NA	34	1	0	2
ANN1044	NA	36	1	0	2
ANN1045	NA	30	1	0	2
ANN1046	NA	42	0.9761904761904762	0.047619047619047616	2
ANN1047	NA	38	1	0	2
ANN1048	NA	38	1	0	2
ANN1049	NA	34	1	0	2
ANN1050	NA	38	1	0	2
ANN1051	NA	34	1	0	2
ANN1052	NA	36	1	0	2
ANN1053	NA	42	1	0	2
ANN1054	NA	30	1	0	2
ANN1055	NA	38	1	0	2
ANN1056	NA	34	1	0	2
ANN1057	NA	32	1	0	2
ANN1058	NA	40	1	0	2
ANN1059	NA	30	1	0	2
ANN1060	NA	42	1	0	2
ANN1061	NA	40	0.975	0.05	2
ANN1062	NA	40	0.975	0.05	2
ANN1063	NA	36	1	0	2
ANN1064	NA	26	1	0	2
ANN1065	NA	40	0.975	0.05	2
ANN1066	NA	38	0.9473684210526315	0	2
ANN1067	NA	38	1	0	2
ANN1068	NA	34	1	0	2
ANN1069	NA	30	1	0	2
ANN1070	NA	32	1	0	2
ANN1071	NA	32	0.96875	0.0625	2
ANN1072	NA	32	1	0	2
ANN1073	NA	42	1	0	2
ANN1074	NA	42	1	0	2
ANN1075	NA	34	1	0	2
ANN1076	NA	24	1	0	2
ANN1077	NA	36	1	0	2
ANN1078	NA	40	1	0	2
ANN1079	NA	30	1	0	2
ANN1080	NA	30	1	0	2
ANN1081	NA	34	1	0	2
ANN1082	NA	42	0.9761904761904762	0.047619047619047616	2
ANN1083	NA	42	0.9761904761904762	0.047619047619047616	2
ANN1084	NA	42	0.9761904761904762	0.047619047619047616	2
ANN1085	NA	32	1	0	2
ANN1086	NA	30	0.9666666666666667	0.06666666666666667	2
ANN1087	NA	36	1	0	2
ANN1088	NA	36	1	0	2
ANN1089	NA	24	1	0	2
ANN1090	NA	38	0.9736842105263158	0.05263157894736842	2
ANN1091	NA	26	0.9230769230769231	0	2
ANN1092	NA	42	1	0	2
ANN1093	NA	38	1	0	2
ANN1094	NA	32	1	0	2
ANN1095	NA	42	1	0	2
ANN1096	NA	42	1	0	2
ANN1097	NA	42	1	0	2
ANN1098	NA	38	0.9736842105263158	0.05263157894736842	2
ANN1099	NA	40	1	0	2
ANN1100	NA	32	1	0	2
ANN1101	NA	32	1	0	2
ANN1102	NA	38	1	0	2
ANN1103	NA	38	0.9736842105263158	0.05263157894736842	2
ANN1104	NA	28	1	0	2
ANN1105	NA	30	1	0	2
ANN1106	NA	38	1	0	2
ANN1107	NA	34	0.9705882352941176	0.058823529411764705	2
ANN1108	NA	38	1	0	2
ANN1109	NA	40	1	0	2
ANN1110	NA	34	1	0	2
ANN1111	NA	32	0.96875	0.0625	2
ANN1112	NA	32	1	0	2
ANN1113	NA	34	1	0	2
ANN1114	NA	34	0.9411764705882353	0.11764705882352941	2
ANN1115	NA	38	0.9736842105263158	0.05263157894736842	2
ANN1116	NA	34	0.9705882352941176	0.058823529411764705	2
ANN1117	NA	34	1	0	2
ANN1118	NA	40	0.975	0.05	2
ANN1119	NA	40	0.95	0	2
ANN1120	NA	36	0.9722222222222222	0.05555555555555555	2
ANN1121	NA	34	0.9705882352941176	0.058823529411764705	2
ANN1122	NA	32	1	0	2
ANN1123	NA	42	0.9761904761904762	0.047619047619047616	2
ANN1124	NA	42	0.9761904761904762	0.047619047619047616	2
ANN1125	NA	42	0.9761904761904762	0.047619047619047616	2
ANN1126	NA	30	1	0	2
ANN1127	NA	42	0.9761904761904762	0.047619047619047616	2
ANN1128	NA	40	0.975	0.05	2
ANN1129	NA	42	1	0	2
ANN1130	NA	42	0.9761904761904762	0.047619047619047616	2
ANN1131	NA	26	1	0	2
ANN1132	NA	36	0.9722222222222222	0.05555555555555555	2
ANN1133	NA	42	0.9761904761904762	0.047619047619047616	2
ANN1134	NA	42	0.9761904761904762	0.047619047619047616	2
ANN1135	NA	38	1	0	2
ANN1136	NA	36	1	0	2
ANN1137	NA	26	0.9615384615384616	0.07692307692307693	2
ANN1138	NA	34	1	0	2
ANN1139	NA	34	0.9705882352941176	0.058823529411764705	2
ANN1140	NA	38	0.9736842105263158	0.05263157894736842	2
ANN1141	NA	38	1	0	2
ANN1142	NA	30	1	0	2
ANN1143	NA	42	1	0	2
ANN1144	NA	34	1	0	2
ANN1145	NA	30	1	0	2
ANN1146	NA	26	1	0	2
ANN1147	NA	28	0.9642857142857143	0.07142857142857142	2
ANN1148	NA	30	1	0	2
ANN1149	NA	36	0.9722222222222222	0.05555555555555555	2
ANN1150	NA	38	1	0	2
ANN1151	NA	34	1	0	2
ANN1152	NA	34	1	0	2
ANN1153	NA	32	1	0	2
ANN1154	NA	36	1	0	2
ANN1155	NA	34	1	0	2
ANN1156	NA	28	1	0	2
ANN1157	NA	22	1	0	2
ANN1158	NA	34	1	0	2
ANN1159	NA	20	1	0	2
ANN1160	NA	40	1	0	2
ANN1161	NA	28	1	0	2
ANN1162	NA	38	0.9736842105263158	0.05263157894736842	2
ANN1163	NA	24	1	0	2
ANN1164	NA	28	1	0	2
ANN1165	NA	26	1	0	2
ANN1166	NA	36	1	0	2
ANN1167	NA	28	0.9642857142857143	0.07142857142857142	2
ANN1168	NA	24	1	0	2
ANN1169	NA	38	1	0	2
ANN1170	NA	34	1	0	2
ANN1171	NA	30	1	0	2
ANN1172	NA	40	1	0	2
ANN1173	NA	38	1	0	2
ANN1174	NA	36	1	0	2
ANN1175	NA	26	1	0	2
ANN1176	NA	38	1	0	2
ANN1177	NA	36	1	0	2
ANN1178	NA	34	1	0	2
ANN1179	NA	34	1	0	2
ANN1180	NA	36	1	0	2
ANN1181	NA	36	1	0	2
ANN1182	NA	34	0.9705882352941176	0.058823529411764705	2
ANN1183	NA	38	1	0	2
ANN1184	NA	40	1	0	2
ANN1185	NA	32	1	0	2
ANN1186	NA	34	1	0	2
ANN1187	NA	40	1	0	2
ANN1188	NA	38	0.9736842105263158	0.05263157894736842	2
ANN1189	NA	30	1	0	2
ANN1190	NA	36	1	0	2
ANN1191	NA	38	1	0	2
ANN1192	NA	26	1	0	2
ANN1193	NA	34	1	0	2
ANN1194	NA	18	1	0	2
ANN1195	NA	42	1	0	2
ANN1196	NA	28	1	0	2
ANN1197	NA	36	1	0	2
ANN1198	NA	40	1	0	2
ANN1199	NA	40	1	0	2
ANN1200	NA	26	1	0	2
ANN1201	NA	32	0.96875	0.0625	2
ANN1202	NA	32	0.96875	0.0625	2
ANN1203	NA	36	1	0	2
ANN1204	NA	40	1	0	2
ANN1205	NA	42	1	0	2
ANN1206	NA	30	1	0	2
ANN1207	NA	36	0.9722222222222222	0.05555555555555555	2
ANN1208	NA	26	0.9615384615384616	0.07692307692307693	2
ANN1209	NA	34	1	0	2
ANN1210	NA	18	1	0	2
ANN1211	NA	40	1	0	2
ANN1212	NA	38	1	0	2
ANN1213	NA	34	1	0	2
ANN1214	NA	38	1	0	2
ANN1215	NA	34	1	0	2
ANN1216	NA	32	1	0	2
ANN1217	NA	38	1	0	2
ANN1218	NA	40	1	0	2
ANN1219	NA	34	1	0	2
ANN1220	NA	36	1	0	2
ANN1221	NA	36	1	0	2
ANN1222	NA	36	1	0	2
ANN1223	NA	40	1	0	2
ANN1224	NA	38	1	0	2
ANN1225	NA	40	1	0	2
ANN1226	NA	36	1	0	2
ANN1227	NA	34	1	0	2
ANN1228	NA	36	1	0	2
ANN1229	NA	38	1	0	2
ANN1230	NA	36	1	0	2
ANN1231	NA	36	1	0	2
ANN1232	NA	40	1	0	2
ANN1233	NA	36	1	0	2
ANN1234	NA	40	1	0	2
ANN1235	NA	38	1	0	2
ANN1236	NA	28	1	0	2
ANN1237	NA	30	1	0	2
ANN1238	NA	40	1	0	2
ANN1239	NA	38	1	0	2
ANN1240	NA	42	1	0	2
ANN1241	NA	30	0.9666666666666667	0.06666666666666667	2
ANN1242	NA	30	1	0	2
ANN1243	NA	42	1	0	2
ANN1244	NA	38	1	0	2
ANN1245	NA	26	0.9615384615384616	0.07692307692307693	2
ANN1246	NA	32	1	0	2
ANN1247	NA	40	1	0	2
ANN1248	NA	36	0.9444444444444444	0	2
ANN1249	NA	28	1	0	2
ANN1250	NA	40	0.975	0.05	2
ANN1251	NA	38	1	0	2
ANN1252	NA	42	1	0	2
ANN1253	NA	34	1	0	2
ANN1254	NA	26	1	0	2
ANN1255	NA	36	1	0	2
ANN1256	NA	28	1	0	2
ANN1257	NA	36	1	0	2
ANN1258	NA	36	1	0	2
ANN1259	NA	32	1	0	2
ANN1260	NA	42	1	0	2
ANN1261	NA	40	1	0	2
ANN1262	NA	34	1	0	2
ANN1263	NA	42	1	0	2
ANN1264	NA	38	1	0	2
ANN1265	NA	40	1	0	2
ANN1266	NA	32	1	0	2
ANN1267	NA	30	1	0	2
ANN1268	NA	40	1	0	2
ANN1269	NA	32	1	0	2
ANN1270	NA	36	1	0	2
ANN1271	NA	40	1	0	2
ANN1272	NA	34	1	0	2
ANN1273	NA	40	1	0	2
ANN1274	NA	40	1	0	2
ANN1275	NA	40	1	0	2
ANN1276	NA	36	1	0	2
ANN1277	NA	28	1	0	2
ANN1278	NA	42	1	0	2
ANN1279	NA	36	1	0	2
ANN1280	NA	34	1	0	2
ANN1281	NA	34	1	0	2
ANN1282	NA	42	1	0	2
ANN1283	NA	28	1	0	2
ANN1284	NA	36	1	0	2
ANN1285	NA	34	1	0	2
ANN1286	NA	40	1	0	2
ANN1287	NA	24	1	0	2
ANN1288	NA	32	1	0	2
ANN1289	NA	26	1	0	2
ANN1290	NA	32	1	0	2
ANN1291	NA	34	0.9705882352941176	0.058823529411764705	2
ANN1292	NA	30	1	0	2
ANN1293	NA	30	1	0	2
ANN1294	NA	34	1	0	2
ANN1295	NA	28	1	0	2
ANN1296	NA	42	1	0	2
ANN1297	NA	30	1	0	2
ANN1298	NA	28	0.9642857142857143	0.07142857142857142	2
ANN1299	NA	36	0.9722222222222222	0.05555555555555555	2
ANN1300	NA	34	1	0	2
ANN1301	NA	38	1	0	2
ANN1302	NA	40	1	0	2
ANN1303	NA	38	1	0	2
ANN1304	NA	34	1	0	2
ANN1305	NA	24	1	0	2
ANN1306	NA	36	1	0	2
ANN1307	NA	26	1	0	2
ANN1308	NA	26	1	0	2
ANN1309	NA	34	1	0	2
ANN1310	NA	40	1	0	2
ANN1311	NA	42	1	0	2
ANN1312	NA	42	0.9761904761904762	0.047619047619047616	2
ANN1313	NA	34	0.9705882352941176	0.058823529411764705	2
ANN1314	NA	28	0.9642857142857143	0.07142857142857142	2
ANN1315	NA	40	0.975	0.05	2
ANN1316	NA	42	0.9761904761904762	0.047619047619047616	2
ANN1317	NA	42	0.9761904761904762	0.047619047619047616	2
ANN1318	NA	24	0.9166666666666666	0	2
ANN1319	NA	40	1	0	2
ANN1320	NA	32	1	0	2
ANN1321	NA	34	1	0	2
ANN1322	NA	34	1	0	2
ANN1323	NA	38	1	0	2
ANN1324	NA	36	1	0	2
ANN1325	NA	30	1	0	2
ANN1326	NA	32	1	0	2
ANN1327	NA	26	1	0	2
ANN1328	NA	38	1	0	2
ANN1329	NA	32	1	0	2
ANN1330	NA	38	0.9473684210526315	0.10526315789473684	2
ANN1331	NA	28	1	0	2
ANN1332	NA	36	1	0	2
ANN1333	NA	30	0.9666666666666667	0.06666666666666667	2
ANN1334	NA	26	1	0	2
ANN1335	NA	34	1	0	2
ANN1336	NA	30	1	0	2
ANN1337	NA	42	1	0	2
ANN1338	NA	42	1	0	2
ANN1339	NA	28	1	0	2
ANN1340	NA	32	1	0	2
ANN1341	NA	42	1	0	2
ANN1342	NA	38	1	0	2
ANN1343	NA	36	1	0	2
ANN1344	NA	42	1	0	2
ANN1345	NA	32	1	0	2
ANN1346	NA	30	1	0	2
ANN1347	NA	34	0.9705882352941176	0.058823529411764705	2
ANN1348	NA	34	1	0	2
ANN1349	NA	40	0.975	0.05	2
ANN1350	NA	30	1	0	2
ANN1351	NA	32	1	0	2
ANN1352	NA	36	0.9444444444444444	0	2
ANN1353	NA	38	0.9736842105263158	0.05263157894736842	2
ANN1354	NA	34	1	0	2
ANN1355	NA	36	1	0	2
ANN1356	NA	42	0.9761904761904762	0.047619047619047616	2
ANN1357	NA	34	1	0	2
ANN1358	NA	40	0.975	0.05	2
ANN1359	NA	34	1	0	2
ANN1360	NA	30	0.9666666666666667	0.06666666666666667	2
ANN1361	NA	38	1	0	2
ANN1362	NA	38	1	0	2
ANN1363	NA	38	1	0	2
ANN1364	NA	38	1	0	2
ANN1365	NA	20	1	0	2
ANN1366	NA	40	1	0	2
ANN1367	NA	32	0.96875	0.0625	2
ANN1368	NA	38	1	0	2
ANN1369	NA	30	1	0	2
ANN1370	NA	32	1	0	2
ANN1371	NA	28	1	0	2
ANN1372	NA	42	1	0	2
ANN1373	NA	42	1	0	2
ANN1374	NA	38	1	0	2
ANN1375	NA	40	1	0	2
ANN1376	NA	38	1	0	2
ANN1377	NA	38	1	0	2
ANN1378	NA	36	1	0	2
ANN1379	NA	30	0.9666666666666667	0.06666666666666667	2
ANN1380	NA	38	1	0	2
ANN1381	NA	42	1	0	2
ANN1382	NA	30	0.9333333333333333	0	2
ANN1383	NA	38	1	0	2
ANN1384	NA	38	1	0	2
ANN1385	NA	32	1	0	2
ANN1386	NA	38	1	0	2
ANN1387	NA	28	0.9642857142857143	0.07142857142857142	2
ANN1388	NA	36	1	0	2
ANN1389	NA	38	1	0	2
ANN1390	NA	34	0.9411764705882353	0	2
ANN1391	NA	36	1	0	2
ANN1392	NA	28	1	0	2
ANN1393	NA	38	1	0	2
ANN1394	NA	38	1	0	2
ANN1395	NA	38	0.9736842105263158	0.05263157894736842	2
ANN1396	NA	28	1	0	2
ANN1397	NA	32	0.96875	0.0625	2
ANN1398	NA	40	0.975	0.05	2
ANN1399	NA	24	1	0	2
ANN1400	NA	38	0.9736842105263158	0.05263157894736842	2
ANN1401	NA	34	0.9705882352941176	0.058823529411764705	2
ANN1402	NA	32	1	0	2
ANN1403	NA	30	1	0	2
ANN1404	NA	34	1	0	2
ANN1405	NA	34	1	0	2
ANN1406	NA	36	1	0	2
ANN1407	NA	40	1	0	2
ANN1408	NA	30	1	0	2
ANN1409	NA	40	1	0	2
ANN1410	NA	38	1	0	2
ANN1419	NA	28	1	0	2
ANN1420	NA	32	1	0	2
ANN1439	NA	36	1	0	2
ANN1501	NA	18	1	0	2
ann20-seAZ	NA	22	1	0	2
ann28-swSK	NA	4	1	0	2
ann29-neSD	NA	26	1	0	2
ann31-scTX	NA	2	1	0	2
ann34-cwKS	NA	4	1	0	2
ann39-ncNE	NA	8	1	0	2
ann44-ccCA	NA	36	1	0	2
annHA89_1	NA	28	1	0	2
annIA	NA	32	1	0	2
annKS	NA	28	1	0	2
annMAN	NA	34	1	0	2
annNM	NA	10	1	0	2
annWY	NA	24	1	0	2
Anzac_Pueblo	NA	14	1	0	2
ARG0001	NA	22	1	0	2
ARG0002	NA	32	1	0	2
ARG0003	NA	22	1	0	2
ARG0004	NA	30	1	0	2
ARG0005	NA	16	1	0	2
ARG0006	NA	28	1	0	2
ARG0007	NA	20	1	0	2
ARG0008	NA	26	1	0	2
ARG0009	NA	32	1	0	2
ARG0010	NA	32	1	0	2
ARG0011	NA	16	1	0	2
ARG0012	NA	26	1	0	2
ARG0013	NA	28	1	0	2
ARG0014	NA	34	1	0	2
ARG0015	NA	26	1	0	2
ARG0016	NA	26	1	0	2
ARG0017	NA	20	1	0	2
ARG0018	NA	36	1	0	2
ARG0019	NA	18	1	0	2
ARG0020	NA	36	1	0	2
ARG0021	NA	28	1	0	2
ARG0022	NA	24	1	0	2
ARG0023	NA	20	1	0	2
ARG0024	NA	24	1	0	2
ARG0025	NA	32	1	0	2
ARG0026	NA	28	1	0	2
ARG0027	NA	34	1	0	2
ARG0028	NA	32	1	0	2
ARG0029	NA	30	1	0	2
ARG0030	NA	34	1	0	2
ARG0031	NA	32	1	0	2
ARG0032	NA	24	1	0	2
ARG0033	NA	20	1	0	2
ARG0034	NA	30	1	0	2
ARG0035	NA	20	1	0	2
ARG0036	NA	32	1	0	2
ARG0037	NA	28	1	0	2
ARG0038	NA	22	1	0	2
ARG0039	NA	20	1	0	2
ARG0040	NA	36	1	0	2
ARG0041	NA	26	1	0	2
ARG0042	NA	28	1	0	2
ARG0043	NA	36	1	0	2
ARG0044N	NA	38	1	0	2
ARG0045	NA	24	1	0	2
ARG0046	NA	30	1	0	2
ARG0047	NA	30	1	0	2
ARG0048N	NA	30	1	0	2
ARG0049	NA	24	1	0	2
ARG0050	NA	20	1	0	2
ARG0051	NA	36	1	0	2
ARG0052	NA	12	1	0	2
ARG0053	NA	32	1	0	2
ARG0054	NA	40	1	0	2
ARG0055	NA	32	1	0	2
ARG0056	NA	26	1	0	2
ARG0057	NA	28	1	0	2
ARG0058	NA	26	1	0	2
ARG0059	NA	30	1	0	2
ARG0060	NA	36	1	0	2
ARG0061	NA	22	1	0	2
ARG0062N	NA	34	1	0	2
ARG0063	NA	30	1	0	2
ARG0064	NA	32	1	0	2
ARG0065	NA	32	1	0	2
ARG0066	NA	20	1	0	2
ARG0067	NA	32	1	0	2
ARG0068	NA	26	1	0	2
ARG0069	NA	20	1	0	2
ARG0070	NA	32	1	0	2
ARG0071	NA	30	1	0	2
ARG0072	NA	24	1	0	2
ARG0073	NA	24	1	0	2
ARG0074	NA	30	1	0	2
ARG0075	NA	28	1	0	2
ARG0076	NA	20	1	0	2
ARG0077	NA	28	1	0	2
ARG0078	NA	24	1	0	2
ARG0079	NA	26	1	0	2
ARG0080	NA	26	1	0	2
ARG0081	NA	30	1	0	2
ARG0082	NA	24	1	0	2
ARG0083	NA	26	1	0	2
ARG0084	NA	30	1	0	2
ARG0085	NA	18	1	0	2
ARG0086	NA	28	1	0	2
ARG0087N	NA	38	1	0	2
ARG0088	NA	12	1	0	2
ARG0089	NA	12	1	0	2
ARG0090	NA	26	1	0	2
ARG0091	NA	26	1	0	2
ARG0092	NA	32	1	0	2
ARG0093	NA	14	1	0	2
ARG0094	NA	28	1	0	2
ARG0095	NA	22	1	0	2
ARG0096	NA	24	1	0	2
ARG0097	NA	16	1	0	2
ARG0098	NA	28	1	0	2
ARG0099	NA	32	1	0	2
ARG0100	NA	32	1	0	2
ARG0101	NA	28	1	0	2
ARG0102	NA	30	1	0	2
ARG0103	NA	32	1	0	2
ARG0104	NA	20	1	0	2
ARG0105	NA	14	1	0	2
ARG0106	NA	34	1	0	2
ARG0107	NA	34	1	0	2
ARG0108	NA	30	1	0	2
ARG0109	NA	30	1	0	2
ARG0110	NA	18	1	0	2
ARG0111	NA	38	1	0	2
ARG0112	NA	24	1	0	2
ARG0113	NA	24	1	0	2
ARG0114	NA	30	1	0	2
ARG0115	NA	26	1	0	2
ARG0116	NA	30	1	0	2
ARG0117	NA	20	1	0	2
ARG0118	NA	32	1	0	2
ARG0119	NA	34	1	0	2
ARG0120	NA	26	1	0	2
ARG0121	NA	22	1	0	2
ARG0122	NA	24	1	0	2
ARG0123	NA	30	1	0	2
ARG0124	NA	26	1	0	2
ARG0125	NA	32	1	0	2
ARG0126	NA	30	1	0	2
ARG0127	NA	30	1	0	2
ARG0128	NA	26	1	0	2
ARG0129	NA	32	1	0	2
ARG0130	NA	20	1	0	2
ARG0131	NA	32	1	0	2
ARG0132	NA	28	1	0	2
ARG0133	NA	22	1	0	2
ARG0134N	NA	36	1	0	2
ARG0135	NA	32	1	0	2
ARG0136N	NA	34	1	0	2
ARG0137	NA	32	1	0	2
ARG0138	NA	26	1	0	2
ARG0139	NA	34	1	0	2
ARG0140	NA	28	1	0	2
ARG0141	NA	32	1	0	2
ARG0142	NA	26	1	0	2
ARG0143	NA	24	1	0	2
ARG0144	NA	22	1	0	2
ARG0145	NA	22	1	0	2
ARG0146	NA	24	1	0	2
ARG0147	NA	30	1	0	2
ARG0148	NA	24	1	0	2
ARG0149	NA	24	1	0	2
ARG0150	NA	28	1	0	2
ARG0151	NA	16	1	0	2
ARG0152	NA	16	1	0	2
ARG0153	NA	36	1	0	2
ARG0154	NA	24	1	0	2
ARG0155	NA	30	1	0	2
ARG0156	NA	22	1	0	2
ARG0157	NA	22	1	0	2
ARG0158	NA	30	1	0	2
ARG0159	NA	26	1	0	2
ARG0160	NA	30	1	0	2
ARG0161	NA	28	1	0	2
ARG0162	NA	34	1	0	2
ARG0163	NA	32	1	0	2
ARG0164	NA	30	1	0	2
ARG0166	NA	22	1	0	2
ARG0167	NA	28	1	0	2
ARG0168	NA	18	1	0	2
ARG0169	NA	32	1	0	2
ARG0170	NA	22	1	0	2
ARG0171	NA	30	1	0	2
ARG0172	NA	34	1	0	2
ARG0173	NA	22	1	0	2
ARG0174	NA	24	1	0	2
ARG0175	NA	28	1	0	2
ARG0176	NA	22	1	0	2
ARG0177	NA	30	1	0	2
ARG0178	NA	22	1	0	2
ARG0179	NA	28	1	0	2
ARG0180	NA	26	1	0	2
ARG0181	NA	20	1	0	2
ARG0182	NA	30	1	0	2
ARG0183	NA	26	1	0	2
ARG0184	NA	20	1	0	2
ARG0185	NA	34	1	0	2
ARG0186	NA	26	1	0	2
ARG0187	NA	24	1	0	2
ARG0188	NA	22	1	0	2
ARG0189	NA	28	1	0	2
ARG0190	NA	22	1	0	2
ARG0191	NA	18	1	0	2
ARG0192	NA	24	1	0	2
ARG0193N	NA	30	1	0	2
ARG0194	NA	20	1	0	2
ARG0195	NA	24	1	0	2
ARG0196	NA	32	1	0	2
ARG0197	NA	36	1	0	2
ARG0198	NA	24	1	0	2
ARG0199	NA	26	1	0	2
ARG0200	NA	26	1	0	2
ARG0201	NA	12	1	0	2
ARG0202	NA	30	1	0	2
ARG0203	NA	34	1	0	2
ARG0204	NA	38	1	0	2
ARG0205	NA	26	1	0	2
ARG0206	NA	30	1	0	2
ARG0207	NA	28	1	0	2
ARG0208	NA	30	1	0	2
ARG0209	NA	30	1	0	2
ARG0210	NA	20	1	0	2
ARG0211	NA	24	1	0	2
ARG0212	NA	34	1	0	2
ARG0213	NA	20	1	0	2
ARG0214	NA	24	1	0	2
ARG0215	NA	26	1	0	2
ARG0216	NA	18	1	0	2
ARG0217	NA	28	1	0	2
ARG0218	NA	22	1	0	2
ARG0219	NA	28	1	0	2
ARG0220	NA	18	1	0	2
ARG0221	NA	22	1	0	2
ARG0222	NA	30	1	0	2
ARG0223	NA	24	1	0	2
ARG0224	NA	22	1	0	2
ARG0225N	NA	36	1	0	2
ARG0226N	NA	38	1	0	2
ARG0227	NA	34	1	0	2
ARG0228	NA	28	1	0	2
ARG0229	NA	28	1	0	2
ARG0230N	NA	26	1	0	2
ARG0231	NA	18	1	0	2
ARG0232	NA	36	1	0	2
ARG0233	NA	24	1	0	2
ARG0234	NA	24	1	0	2
ARG0235	NA	24	1	0	2
ARG0236	NA	24	1	0	2
ARG0237	NA	32	1	0	2
ARG0238	NA	26	1	0	2
ARG0239	NA	24	1	0	2
ARG0240	NA	22	1	0	2
ARG0241	NA	34	1	0	2
ARG0242	NA	22	1	0	2
ARG0243	NA	20	1	0	2
ARG0244	NA	26	1	0	2
ARG0245	NA	28	1	0	2
ARG0246	NA	24	1	0	2
ARG0247	NA	26	1	0	2
ARG0248	NA	10	1	0	2
ARG0249	NA	22	1	0	2
ARG0250	NA	28	1	0	2
ARG0251	NA	36	1	0	2
ARG0252	NA	20	1	0	2
ARG0253	NA	24	1	0	2
ARG0254	NA	24	1	0	2
ARG0255	NA	20	1	0	2
ARG0256	NA	28	1	0	2
ARG0257	NA	24	1	0	2
ARG0258	NA	30	1	0	2
ARG0259	NA	32	1	0	2
ARG0260	NA	28	1	0	2
ARG0261	NA	24	1	0	2
ARG0262	NA	14	1	0	2
ARG0263	NA	28	1	0	2
ARG0264	NA	32	1	0	2
ARG0265	NA	20	1	0	2
ARG0266N	NA	30	1	0	2
ARG0267N	NA	24	1	0	2
ARG0268	NA	26	1	0	2
ARG0269	NA	30	1	0	2
ARG0270	NA	28	1	0	2
ARG0271	NA	36	1	0	2
ARG0272	NA	36	1	0	2
ARG0273	NA	18	1	0	2
ARG0274	NA	30	1	0	2
ARG0275	NA	34	1	0	2
ARG0276	NA	28	1	0	2
ARG0277N	NA	34	1	0	2
ARG0278N	NA	26	1	0	2
ARG0279	NA	30	1	0	2
ARG0280	NA	20	1	0	2
ARG0281	NA	8	1	0	2
ARG0282	NA	32	1	0	2
ARG0283	NA	28	1	0	2
ARG0284	NA	28	1	0	2
ARG0285	NA	28	1	0	2
ARG0286	NA	36	1	0	2
ARG0287	NA	16	1	0	2
ARG0288	NA	20	1	0	2
ARG0289	NA	22	1	0	2
ARG0290	NA	22	1	0	2
ARG0291	NA	36	1	0	2
ARG0292	NA	28	1	0	2
ARG0293	NA	28	1	0	2
ARG0294	NA	28	1	0	2
ARG0295	NA	24	1	0	2
ARG0296	NA	26	1	0	2
ARG0297	NA	28	1	0	2
ARG0298N	NA	32	1	0	2
ARG0299	NA	30	1	0	2
ARG0300	NA	38	1	0	2
ARG1805-10	NA	36	1	0	2
ARG1805-8	NA	26	1	0	2
ARG1820-7	NA	26	1	0	2
ARG1834-8	NA	30	1	0	2
Arikara	NA	16	1	0	2
DB118	NA	4	1	0	2
DB124	NA	2	1	0	2
DB209	NA	2	1	0	2
DB287	NA	2	1	0	2
DB291	NA	4	1	0	2
DEB_1135	NA	18	1	0	2
DEB_1136	NA	26	1	0	2
DEB_1289	NA	32	1	0	2
DEB_1810	NA	38	1	0	2
DEB_1837	NA	34	1	0	2
DEB_366	NA	28	1	0	2
DEB_391	NA	30	1	0	2
DEB_896	NA	26	1	0	2
DEC_1895	NA	36	1	0	2
DIV_19	NA	2	1	0	2
DIV_1956	NA	42	1	0	2
ED1_KS2A12-3_33	NA	12	1	0	2
ED12_SK1W15-3_300	NA	14	1	0	2
ED2_KS2W24-7_43	NA	8	1	0	2
GO1_GB057	NA	22	1	0	2
GO2_GB066	NA	34	1	0	2
GO3_GB067	NA	28	1	0	2
GO4_GB068	NA	22	1	0	2
GO5_GB069	NA	30	1	0	2
GO6_GB070	NA	34	1	0	2
GO7_GB071	NA	20	1	0	2
GO8_GB179	NA	42	1	0	2
GO9_GB275	NA	36	1	0	2
GRO_2043	NA	42	1	0	2
GSD1009	NA	16	1	0	2
GSD1039	NA	26	1	0	2
GSD1085	NA	26	1	0	2
GSD1139	NA	26	1	0	2
GSD1169	NA	26	1	0	2
GSD1184	NA	28	1	0	2
GSD1258	NA	22	1	0	2
GSD1276	NA	22	1	0	2
GSD1329	NA	24	1	0	2
GSD1375	NA	32	0.96875	0.0625	2
GSD1503	NA	28	1	0	2
GSD1573	NA	28	1	0	2
GSD1707	NA	24	1	0	2
GSD1732	NA	24	1	0	2
GSD1795	NA	30	1	0	2
GSD2008	NA	26	1	0	2
GSD2031	NA	22	1	0	2
GSD2067	NA	26	1	0	2
GSD2252	NA	28	1	0	2
GSD983	NA	20	1	0	2
Havasupai	NA	22	1	0	2
HK24_10-1	NA	4	1	0	2
HK24_10-4	NA	18	1	0	2
HK24_11-2	NA	2	1	0	2
HK24_16_01_R_003	NA	22	1	0	2
HK24_16_01_R_007	NA	16	1	0	2
HK24_16_01_R_010	NA	20	1	0	2
HK24_16_01_R_020	NA	34	1	0	2
HK24_16_01_R_027	NA	18	1	0	2
HK24_16_01_R_028	NA	24	1	0	2
HK24_16_01_R_029	NA	30	1	0	2
HK24_16_01_R_034	NA	24	1	0	2
HK24_16_01_R_038	NA	14	1	0	2
HK24_16_01_R_045	NA	26	1	0	2
HK24_16_01_R_047	NA	30	1	0	2
HK24_16_01_R_052	NA	32	1	0	2
HK24_16_01_R_054	NA	28	1	0	2
HK24_16_01_R_056	NA	22	1	0	2
HK24_16_01_R_057	NA	16	1	0	2
HK24_16_01_R_058	NA	20	1	0	2
HK24_16_01_R_064	NA	20	1	0	2
HK24_16_01_R_065	NA	28	1	0	2
HK24_16_01_R_070	NA	20	1	0	2
HK24_16_01_R_072	NA	22	1	0	2
HK24_16_01_R_076	NA	24	1	0	2
HK24_16_01_R_080	NA	16	1	0	2
HK24_16_01_R_089	NA	14	1	0	2
HK24_16_01_R_091	NA	26	1	0	2
HK24_16_01_R_101	NA	22	1	0	2
HK24_16_01_R_107	NA	18	1	0	2
HK24_16_01_R_108	NA	32	1	0	2
HK24_16_01_R_112	NA	18	1	0	2
HK24_16_01_R_113	NA	18	1	0	2
HK24_16_01_R_118	NA	24	1	0	2
HK24_16_01_W_008	NA	12	1	0	2
HK24_16_01_W_012	NA	20	1	0	2
HK24_16_01_W_013	NA	12	1	0	2
HK24_16_01_W_025	NA	16	1	0	2
HK24_16_01_W_034	NA	14	1	0	2
HK24_16_01_W_040	NA	22	1	0	2
HK24_16_01_W_046	NA	24	1	0	2
HK24_16_01_W_052	NA	30	1	0	2
HK24_16_01_W_056	NA	18	1	0	2
HK24_16_01_W_057	NA	24	1	0	2
HK24_16_01_W_058	NA	24	1	0	2
HK24_16_01_W_065	NA	12	1	0	2
HK24_16_01_W_066	NA	24	1	0	2
HK24_16_01_W_070	NA	18	1	0	2
HK24_16_01_W_071	NA	26	1	0	2
HK24_16_01_W_079	NA	10	1	0	2
HK24_16_01_W_081	NA	18	1	0	2
HK24_16_01_W_087	NA	18	1	0	2
HK24_16_01_W_089	NA	20	1	0	2
HK24_16_01_W_091	NA	30	1	0	2
HK24_16_01_W_092	NA	16	1	0	2
HK24_16_01_W_093	NA	32	0.96875	0.0625	2
HK24_16_01_W_097	NA	18	1	0	2
HK24_16_01_W_102	NA	32	1	0	2
HK24_16_01_W_106	NA	16	1	0	2
HK24_16_01_W_108	NA	20	1	0	2
HK24_16_01_W_109	NA	26	1	0	2
HK24_16_01_W_115	NA	16	0.9375	0.125	2
HK24_16_01_W_118	NA	14	1	0	2
HK24_16_01_W_120	NA	14	1	0	2
HK24_16_01_W_126	NA	22	1	0	2
HK24_16_01_W_128	NA	24	1	0	2
HK24_16_01_W_130	NA	34	1	0	2
HK24_16_01_W_132	NA	10	1	0	2
HK24_16_01_W_135	NA	4	1	0	2
HK24_16_01_W_136	NA	6	1	0	2
HK24_24-2	NA	6	1	0	2
Hopi	NA	42	1	0	2
HT_70_ND1A-29	NA	26	1	0	2
HT007_MK4-20	NA	40	0.975	0.05	2
HT011_IA2W-37	NA	6	1	0	2
HT013_SD2W-18	NA	32	0.9375	0	2
HT014_IA2W-16	NA	28	1	0	2
HT023_IA1A-2	NA	42	1	0	2
HT027_P-37	NA	42	1	0	2
HT033N_IA2W-38	NA	32	1	0	2
HT038_MK1-31	NA	40	1	0	2
HT040_MK6-19	NA	28	1	0	2
HT054_IA2A-1	NA	42	1	0	2
HT088_MK4-29	NA	42	1	0	2
HT089_MK5-27	NA	28	1	0	2
HT091_MK6-22	NA	42	1	0	2
HT100_SK1W-29	NA	26	1	0	2
HT103_IA2W-39	NA	26	1	0	2
HT104_KS2W-15R	NA	14	1	0	2
HT105_MK2-2	NA	16	1	0	2
HT107_MK3-16	NA	24	1	0	2
HT108_MK5-2	NA	14	1	0	2
HT109_MK5-18	NA	14	1	0	2
HT110_MK5-24	NA	20	1	0	2
HT111_MK6-23	NA	42	1	0	2
HT112_MK8-21	NA	24	1	0	2
HT115_MO1A-23	NA	14	1	0	2
HT118_SD2W-19	NA	16	1	0	2
HT120_SK1A-22STAR	NA	30	1	0	2
HT124_SK1W-36	NA	16	1	0	2
HT125_MB1W-20	NA	18	1	0	2
HT126_MK1-6	NA	34	1	0	2
HT127_MK1-23	NA	18	1	0	2
HT128_MK1-25	NA	22	1	0	2
HT129_MK2-3	NA	14	1	0	2
HT130_MK2-17	NA	30	1	0	2
HT131_MK2-32	NA	40	0.975	0.05	2
HT133_MK5-14	NA	16	1	0	2
HT134_MK5-25	NA	28	1	0	2
HT135_MK6-3	NA	26	1	0	2
HT136_MK7-1	NA	24	1	0	2
HT137_MK7-25	NA	14	1	0	2
HT138_MK8-12	NA	40	1	0	2
HT139_MO1A-26	NA	24	1	0	2
HT140_MO1W-2R	NA	20	0.95	0.1	2
HT141_MO1W-11	NA	10	1	0	2
HT142_MO1W-15	NA	14	1	0	2
HT143_ND1A-26	NA	4	1	0	2
HT146_SD2W-5	NA	16	1	0	2
HT147_SK1A-5	NA	20	1	0	2
HT149_IA2W-29	NA	16	1	0	2
HT15_Man-8	NA	16	1	0	2
HT150_MK2-12	NA	12	1	0	2
HT151_MK2-21	NA	16	1	0	2
HT152_MK8-23	NA	32	1	0	2
HT153_MK3-27	NA	34	0.9705882352941176	0.058823529411764705	2
HT154_MK3-33	NA	26	1	0	2
HT156_MK4-13	NA	12	1	0	2
HT157_MK7-6	NA	26	1	0	2
HT158_MK7-14	NA	28	1	0	2
HT159_MK7-17	NA	12	1	0	2
HT16_MK6-7	NA	10	1	0	2
HT160_MK7-23	NA	26	1	0	2
HT161_MK8-7	NA	34	1	0	2
HT162_MK8-31	NA	20	1	0	2
HT163_MO1A-17	NA	22	1	0	2
HT164_MO1W-3	NA	38	1	0	2
HT165_MO1W-16	NA	26	1	0	2
HT167_SD2A-7	NA	18	1	0	2
HT168_SD2A-17	NA	24	1	0	2
HT169_SD2A-31	NA	36	1	0	2
HT170_SD2W-14	NA	30	0.9333333333333333	0	2
HT171_SK1A-11	NA	32	1	0	2
HT172_SK1W-Q	NA	24	1	0	2
HT174_MK1-9	NA	26	1	0	2
HT175_MK1-16	NA	18	1	0	2
HT176_MK2-7	NA	24	1	0	2
HT177_MK2-27	NA	18	1	0	2
HT178_MK3-40	NA	28	1	0	2
HT181_MK5-13	NA	24	1	0	2
HT182_MK5-17	NA	14	1	0	2
HT183_MK6-11	NA	20	1	0	2
HT185_MK8-2	NA	30	1	0	2
HT186_MK8-13	NA	12	1	0	2
HT187_MK8-28	NA	28	1	0	2
HT188_MO1A-27	NA	24	1	0	2
HT190_ND1A-20	NA	20	1	0	2
HT191_ND1A-33	NA	18	1	0	2
HT192_ND1A-40	NA	24	1	0	2
HT194_SD2W-15	NA	24	1	0	2
HT196_SK1W-1	NA	24	1	0	2
HT197_Man-10	NA	42	1	0	2
HT199_MK1-14	NA	14	1	0	2
HT200_MK2-13	NA	10	1	0	2
HT202_MK4-27	NA	26	1	0	2
HT203_MK5-7	NA	32	1	0	2
HT204_MK5-19	NA	16	1	0	2
HT205_MK7-8	NA	12	1	0	2
HT206_MK8-10	NA	16	1	0	2
HT207_MK8-27	NA	20	1	0	2
HT208_MK3-36	NA	10	1	0	2
HT209_MO1A-12	NA	28	1	0	2
HT210_MO1A-25	NA	24	1	0	2
HT211_MO1W-39	NA	16	1	0	2
HT212_ND1A-8	NA	14	1	0	2
HT213_ND1W-20	NA	24	1	0	2
HT215_SD2A-1	NA	26	1	0	2
HT216_SD2A-32	NA	28	1	0	2
HT217_SD2W-21	NA	22	1	0	2
HT218_SD2W-30	NA	16	1	0	2
HT219_SD2W-38	NA	20	1	0	2
HT220_SK1W-15	NA	24	1	0	2
HT221_IA2A-21	NA	18	1	0	2
HT222_KS2A-12	NA	24	1	0	2
HT224_KS2A-16	NA	18	0.9444444444444444	0.1111111111111111	2
HT225_KS2A-23R	NA	18	1	0	2
HT226_KS2A-37	NA	22	1	0	2
HT227_KS2W-9	NA	14	1	0	2
HT228_KS2W-12	NA	28	1	0	2
HT229_Man-6	NA	10	1	0	2
HT230_Man-9	NA	14	1	0	2
HT231_MB1W-8	NA	30	1	0	2
HT232_MB1W-11	NA	4	1	0	2
HT233_MB1W-14	NA	4	1	0	2
HT234_MB1W-39	NA	20	1	0	2
HT235_MK2-4	NA	20	1	0	2
HT236_MO1W-2	NA	20	1	0	2
HT237_MO1W-38	NA	42	1	0	2
HT239_P-036	NA	28	1	0	2
HT24_IA2W-14	NA	8	1	0	2
HT242_SK1W-25	NA	14	1	0	2
HT243_IA1A-11	NA	30	0.9666666666666667	0.06666666666666667	2
HT244_IA1A-25	NA	42	1	0	2
HT247_IA1W-33	NA	38	1	0	2
HT249_IA2A-8	NA	26	1	0	2
HT250_KS1A-14R	NA	42	1	0	2
HT251_KS1A-16	NA	32	1	0	2
HT252_KS1A-38	NA	40	1	0	2
HT254_KS1W-27	NA	40	1	0	2
HT255_KS1W-29	NA	32	1	0	2
HT256_KS2A-4	NA	26	1	0	2
HT257_KS2A-31	NA	34	1	0	2
HT258_KS2A-38	NA	34	1	0	2
HT259_KS2E-6	NA	38	0.9736842105263158	0.05263157894736842	2
HT26_MK3-24	NA	12	1	0	2
HT260_MK1-4	NA	40	1	0	2
HT262_MK7-24	NA	28	1	0	2
HT263_P-5	NA	40	0.975	0.05	2
HT265_P-85	NA	38	1	0	2
HT268_IA1A_25R	NA	40	1	0	2
HT269_IA1W-5	NA	42	1	0	2
HT270_IA1W_11R	NA	42	1	0	2
HT271_IA1W-15	NA	36	1	0	2
HT272_IA1W-39	NA	40	1	0	2
HT273_KS1A-31	NA	32	1	0	2
HT274_KS1W-3	NA	36	1	0	2
HT277_KS1W-40	NA	14	1	0	2
HT279_P-9	NA	22	1	0	2
HT280_P-13	NA	34	0.9705882352941176	0.058823529411764705	2
HT282_P-18	NA	16	1	0	2
HT283_P-19	NA	36	1	0	2
HT284_P-45	NA	30	1	0	2
HT285_P-75	NA	30	0.9666666666666667	0.06666666666666667	2
HT287_P-101	NA	42	0.9761904761904762	0.047619047619047616	2
HT288_SD1A-24	NA	8	1	0	2
HT290_SD1W-20	NA	32	1	0	2
HT291_KS1A-14	NA	38	1	0	2
HT293_KS1A-28R	NA	30	0.9666666666666667	0.06666666666666667	2
HT299_MK5-1	NA	26	1	0	2
HT30_IA2A-31R	NA	18	1	0	2
HT300_MB1W16	NA	36	1	0	2
HT301_MB1W_16B	NA	38	1	0	2
HT302_Man-5	NA	34	1	0	2
HT303_ND1A-21bR	NA	22	1	0	2
HT305_ND1W-27	NA	26	1	0	2
HT308_SD2W-27	NA	38	1	0	2
HT309_SK1A-11B	NA	40	0.975	0.05	2
HT31_IA2A-35	NA	12	1	0	2
HT310_SK1A-17B	NA	40	1	0	2
HT311_SK1W-29R	NA	42	1	0	2
HT313_MK4-11	NA	42	1	0	2
HT314_MO1A-31	NA	42	1	0	2
HT315_IA1A-24	NA	42	1	0	2
HT317_IA1W-4	NA	40	1	0	2
HT318_IA2A-11	NA	38	1	0	2
HT319_IA2A-31	NA	42	1	0	2
HT32_IA2A-35R	NA	6	1	0	2
HT320_KS1A-11	NA	32	1	0	2
HT323_KS2A-23	NA	38	1	0	2
HT330_ND1W-6	NA	42	0.9761904761904762	0.047619047619047616	2
HT331_P-10	NA	38	1	0	2
HT334_P-21	NA	42	1	0	2
HT335_SD1A-20	NA	40	1	0	2
HT339_IA1A-3	NA	42	1	0	2
HT34_KS1A-29	NA	8	0.875	0.25	2
HT340_IA1A-4	NA	38	0.9736842105263158	0.05263157894736842	2
HT344_KS1A-25	NA	42	0.9761904761904762	0.047619047619047616	2
HT345_KS1W-2	NA	40	1	0	2
HT346_KS2A-1	NA	32	1	0	2
HT347_MK3-41	NA	36	1	0	2
HT349_MK7-28	NA	24	1	0	2
HT350_MK8-14	NA	34	1	0	2
HT352_MO1W-33	NA	28	1	0	2
HT353_ND1A-11	NA	4	1	0	2
HT356_SD1A-7	NA	32	1	0	2
HT360_SD1W-35	NA	24	1	0	2
HT365_IA2W-11	NA	28	1	0	2
HT366_Man-1	NA	24	1	0	2
HT368_MK1-24	NA	26	1	0	2
HT369_MO1A-6	NA	34	1	0	2
HT370_MO1A-33	NA	26	1	0	2
HT373_SD1W-4	NA	40	1	0	2
HT374_SD2A-36	NA	34	1	0	2
HT376_SK1A-23	NA	30	1	0	2
HT378_SK1W-22	NA	34	1	0	2
HT379_SK1W-22R	NA	34	1	0	2
HT39_MK6-13	NA	8	1	0	2
HT41_MK7-20	NA	10	1	0	2
HT42_MK8-17	NA	12	1	0	2
HT43_ND1A-21	NA	16	1	0	2
HT44_ND1W-12	NA	22	1	0	2
HT45_ND1W-36	NA	12	1	0	2
HT47_P-35	NA	28	1	0	2
HT48_SD1A-37	NA	24	1	0	2
HT5_ND1W-22	NA	8	1	0	2
HT50_SD2A-20	NA	30	1	0	2
HT51_SD2W-40	NA	8	1	0	2
HT53_IA1A-10	NA	16	1	0	2
HT55_IA2W-17	NA	8	1	0	2
HT56_IA2W-37	NA	12	1	0	2
HT6_SD1W-21	NA	24	1	0	2
HT60_MB1W-30	NA	14	1	0	2
HT61_MB1W-31	NA	22	1	0	2
HT62_MK1-20	NA	8	1	0	2
HT63_MK3-6	NA	10	1	0	2
HT64_MK4-3	NA	14	1	0	2
HT65_MK6-5	NA	20	1	0	2
HT66_MK6-17	NA	8	1	0	2
HT68_MO1W-7	NA	14	1	0	2
HT69_ND1A-16	NA	10	1	0	2
HT71_P-002	NA	20	1	0	2
HT73_SD1A-28	NA	22	1	0	2
HT78_MK1-17	NA	20	1	0	2
HT79_MK1-21	NA	12	1	0	2
HT81_MK2-14	NA	16	1	0	2
HT82_N_MK2-25	NA	8	1	0	2
HT84_MK3-32	NA	14	1	0	2
HT85_MK3-49	NA	14	1	0	2
HT86_MK4-1	NA	30	1	0	2
HT87_MK4-16	NA	22	1	0	2
HT9_MK6-20	NA	12	1	0	2
HT90_MK6-2	NA	32	1	0	2
HT92_MK7-2	NA	20	1	0	2
HT93_ND1W-33	NA	18	1	0	2
HT94_SD2A-4	NA	12	1	0	2
HT96_SD2A-30STAR	NA	30	1	0	2
HT97_SD2A-35	NA	22	1	0	2
HT99_SK1A-39	NA	26	1	0	2
Laguna_Pueblo	NA	20	1	0	2
LS_18-5	NA	4	1	0	2
LS_20-3	NA	4	1	0	2
LS_22-2	NA	10	1	0	2
LS_29-7	NA	4	1	0	2
LS_30-5	NA	4	1	0	2
MexCult1	NA	8	1	0	2
MexCult14	NA	2	1	0	2
MexCult3	NA	12	1	0	2
MexCult6	NA	8	1	0	2
MexCult7	NA	12	1	0	2
MexCult9	NA	8	1	0	2
MON014	NA	38	1	0	2
MON069	NA	38	1	0	2
MON106	NA	32	1	0	2
MON151	NA	32	1	0	2
MON220	NA	18	1	0	2
MON263	NA	10	1	0	2
MON308	NA	4	1	0	2
MON365	NA	22	1	0	2
MON401	NA	30	1	0	2
MON459	NA	16	1	0	2
MON520	NA	20	1	0	2
MON564	NA	20	1	0	2
MON606	NA	20	1	0	2
MON658	NA	34	0.9705882352941176	0.058823529411764705	2
MON713	NA	28	1	0	2
MON768	NA	18	1	0	2
MON818	NA	14	1	0	2
MON862	NA	20	1	0	2
NHK_5-4	NA	8	1	0	2
NHKE_9-1	NA	12	1	0	2
NHKG_16_01_R_122	NA	26	1	0	2
NHKG_16_01_R_124	NA	18	1	0	2
NHKG_16_01_R_139	NA	20	0.9	0	2
NHKG_16_01_R_140	NA	24	1	0	2
NHKG_16_01_R_144	NA	32	1	0	2
NHKG_16_01_R_147	NA	14	1	0	2
NHKG_16_01_R_153	NA	20	1	0	2
NHKG_16_01_R_158	NA	14	1	0	2
NHKG_16_01_R_161	NA	24	1	0	2
NHKG_16_01_R_162	NA	22	1	0	2
NHKG_16_01_R_165	NA	10	1	0	2
NHKG_16_01_R_167	NA	18	1	0	2
NHKG_16_01_R_171	NA	6	1	0	2
NHKG_16_01_R_175	NA	6	1	0	2
NHKG_16_01_R_177	NA	12	1	0	2
NHKG_16_01_R_178	NA	26	1	0	2
NHKG_16_01_R_181	NA	34	1	0	2
NHKG_16_01_R_183	NA	18	1	0	2
NHKG_16_01_R_186	NA	28	1	0	2
NHKG_16_01_R_189	NA	24	1	0	2
NHKG_16_01_R_190	NA	28	1	0	2
NHKG_16_01_R_193	NA	26	1	0	2
NHKG_16_01_R_196	NA	20	1	0	2
NHKG_16_01_R_201	NA	32	1	0	2
NHKG_16_01_R_204	NA	20	1	0	2
NHKG_16_01_R_205	NA	16	1	0	2
NHKG_16_01_R_209	NA	30	1	0	2
NHKG_16_01_R_211	NA	30	1	0	2
NHKG_16_01_R_213	NA	26	1	0	2
NHKG_16_01_R_215	NA	28	1	0	2
NHKG_16_01_R_217	NA	24	0.9583333333333334	0.08333333333333333	2
NHKG_16_01_R_223	NA	26	1	0	2
NHKG_16_01_R_224	NA	24	1	0	2
NHKG_16_01_R_225	NA	30	1	0	2
NHKG_16_01_W_139	NA	24	1	0	2
NHKG_16_01_W_141	NA	28	1	0	2
NHKG_16_01_W_142	NA	24	1	0	2
NHKG_16_01_W_145	NA	16	1	0	2
NHKG_16_01_W_148	NA	20	1	0	2
NHKG_16_01_W_149	NA	16	1	0	2
NHKG_16_01_W_151	NA	24	1	0	2
NHKG_16_01_W_161	NA	18	1	0	2
NHKG_16_01_W_165	NA	24	1	0	2
NHKG_16_01_W_168	NA	26	1	0	2
NHKG_16_01_W_175	NA	24	1	0	2
NHKG_16_01_W_187	NA	22	1	0	2
NHKG_16_01_W_188	NA	26	1	0	2
NHKG_16_01_W_200	NA	28	1	0	2
NHKG_16_01_W_210	NA	14	0.9285714285714286	0.14285714285714285	2
NHKG_16_01_W_213	NA	18	1	0	2
NHKG_16_01_W_214	NA	18	0.9444444444444444	0.1111111111111111	2
NHKG_16_01_W_217	NA	30	1	0	2
NHKG_16_01_W_221	NA	14	1	0	2
NHKG_16_01_W_222	NA	24	1	0	2
NHKG_16_01_W_223	NA	14	1	0	2
NHKG_16_01_W_226	NA	18	1	0	2
NHKG_16_01_W_228	NA	20	1	0	2
NHKG_16_01_W_230	NA	34	1	0	2
NHKG_16-1	NA	10	1	0	2
NHKG_9-4	NA	8	1	0	2
NMS373_SAM136	NA	18	1	0	2
PET0301	NA	34	1	0	2
PET0302	NA	36	0.9722222222222222	0.05555555555555555	2
PET0303	NA	30	1	0	2
PET0304	NA	22	1	0	2
PET0305	NA	30	1	0	2
PET0306	NA	38	1	0	2
PET0307	NA	34	0.9705882352941176	0.058823529411764705	2
PET0308	NA	24	1	0	2
PET0309N	NA	36	1	0	2
PET0310	NA	18	1	0	2
PET0311	NA	32	1	0	2
PET0312	NA	32	1	0	2
PET0313	NA	26	0.9615384615384616	0.07692307692307693	2
PET0314	NA	28	1	0	2
PET0315	NA	22	1	0	2
PET0316	NA	30	1	0	2
PET0317	NA	20	1	0	2
PET0318	NA	38	1	0	2
PET0319	NA	38	0.9736842105263158	0.05263157894736842	2
PET0320	NA	32	1	0	2
PET0321	NA	32	0.9375	0	2
PET0322	NA	34	0.9705882352941176	0.058823529411764705	2
PET0323	NA	36	1	0	2
PET0324	NA	34	0.9411764705882353	0	2
PET0325	NA	32	1	0	2
PET0326	NA	22	1	0	2
PET0327	NA	28	1	0	2
PET0328	NA	30	1	0	2
PET0329	NA	30	1	0	2
PET0330	NA	36	1	0	2
PET0331	NA	36	1	0	2
PET0332	NA	26	1	0	2
PET0333	NA	34	1	0	2
PET0334	NA	36	0.9722222222222222	0.05555555555555555	2
PET0335	NA	34	1	0	2
PET0336	NA	26	1	0	2
PET0337	NA	38	1	0	2
PET0338	NA	22	1	0	2
PET0339	NA	32	1	0	2
PET0340	NA	34	1	0	2
PET0341	NA	34	0.9705882352941176	0.058823529411764705	2
PET0342	NA	28	0.9642857142857143	0.07142857142857142	2
PET0343	NA	30	1	0	2
PET0344	NA	34	1	0	2
PET0345	NA	36	1	0	2
PET0346	NA	32	1	0	2
PET0347	NA	20	1	0	2
PET0348	NA	18	1	0	2
PET0349	NA	28	0.9642857142857143	0.07142857142857142	2
PET0350	NA	30	0.9333333333333333	0.13333333333333333	2
PET0351	NA	26	1	0	2
PET0352	NA	30	1	0	2
PET0353	NA	16	1	0	2
PET0354	NA	38	1	0	2
PET0355	NA	22	1	0	2
PET0356	NA	34	0.9705882352941176	0.058823529411764705	2
PET0357	NA	38	1	0	2
PET0358	NA	36	1	0	2
PET0359	NA	34	1	0	2
PET0360	NA	40	1	0	2
PET0361N	NA	18	1	0	2
PET0362	NA	30	1	0	2
PET0363	NA	40	0.975	0.05	2
PET0364	NA	34	0.9705882352941176	0.058823529411764705	2
PET0365	NA	30	1	0	2
PET0366	NA	30	1	0	2
PET0367	NA	34	1	0	2
PET0368	NA	34	1	0	2
PET0369	NA	26	1	0	2
PET0370	NA	30	1	0	2
PET0371	NA	36	0.9444444444444444	0	2
PET0372	NA	40	0.95	0	2
PET0373	NA	30	0.9333333333333333	0	2
PET0374	NA	34	1	0	2
PET0375	NA	38	0.9736842105263158	0.05263157894736842	2
PET0376	NA	26	0.9615384615384616	0.07692307692307693	2
PET0377	NA	30	0.9333333333333333	0	2
PET0378	NA	34	0.9411764705882353	0	2
PET0379	NA	18	1	0	2
PET0380	NA	32	1	0	2
PET0381	NA	36	0.9722222222222222	0.05555555555555555	2
PET0382	NA	38	0.9736842105263158	0.05263157894736842	2
PET0383	NA	36	1	0	2
PET0384	NA	38	1	0	2
PET0385	NA	32	1	0	2
PET0386	NA	36	1	0	2
PET0387	NA	30	1	0	2
PET0388	NA	30	1	0	2
PET0391N	NA	18	1	0	2
PET0392N	NA	28	1	0	2
PET0393	NA	36	1	0	2
PET0394	NA	34	0.9705882352941176	0.058823529411764705	2
PET0395	NA	32	1	0	2
PET0396	NA	26	1	0	2
PET0397	NA	36	1	0	2
PET0398	NA	18	1	0	2
PET0399	NA	22	0.9545454545454546	0.09090909090909091	2
PET0400	NA	36	0.9722222222222222	0.05555555555555555	2
PET0401	NA	32	0.96875	0.0625	2
PET0402	NA	34	0.9705882352941176	0.058823529411764705	2
PET0403	NA	38	0.9736842105263158	0.05263157894736842	2
PET0404	NA	34	0.9705882352941176	0.058823529411764705	2
PET0405	NA	34	0.9705882352941176	0.058823529411764705	2
PET0406	NA	28	0.9285714285714286	0	2
PET0407	NA	38	0.9473684210526315	0	2
PET0409	NA	22	1	0	2
PET0410	NA	28	0.9285714285714286	0	2
PET0411	NA	30	1	0	2
PET0412	NA	30	1	0	2
PET0413	NA	36	0.9444444444444444	0	2
PET0414	NA	26	0.9615384615384616	0.07692307692307693	2
PET0415	NA	38	0.9736842105263158	0.05263157894736842	2
PET0416	NA	32	0.9375	0	2
PET0417	NA	30	0.9666666666666667	0.06666666666666667	2
PET0418	NA	26	1	0	2
PET0419	NA	34	1	0	2
PET0420	NA	34	1	0	2
PET0421	NA	36	1	0	2
PET0422	NA	34	1	0	2
PET0423	NA	26	0.9615384615384616	0.07692307692307693	2
PET0424	NA	38	1	0	2
PET0425	NA	34	1	0	2
PET0426	NA	28	0.9285714285714286	0	2
PET0427	NA	30	1	0	2
PET0428	NA	34	0.9705882352941176	0.058823529411764705	2
PET0429	NA	24	1	0	2
PET0430	NA	36	1	0	2
PET0431	NA	34	1	0	2
PET0432	NA	20	1	0	2
PET0433	NA	30	1	0	2
PET0434	NA	32	1	0	2
PET0435	NA	36	1	0	2
PET0436	NA	38	1	0	2
PET0437	NA	36	1	0	2
PET0438	NA	34	1	0	2
PET0439	NA	8	1	0	2
PET0440	NA	26	1	0	2
PET0441	NA	26	1	0	2
PET0442	NA	36	1	0	2
PET0443	NA	30	1	0	2
PET0444	NA	30	1	0	2
PET0445	NA	34	1	0	2
PET0446	NA	34	1	0	2
PET0447	NA	14	1	0	2
PET0448	NA	40	1	0	2
PET0449	NA	24	1	0	2
PET0450	NA	28	1	0	2
PET0451	NA	38	1	0	2
PET0452	NA	36	1	0	2
PET0453N	NA	26	1	0	2
PET0454N	NA	34	1	0	2
PET0455	NA	38	1	0	2
PET0456	NA	38	1	0	2
PET0457	NA	32	1	0	2
PET0458	NA	32	1	0	2
PET0459N	NA	26	1	0	2
PET0460N	NA	38	1	0	2
PET0461	NA	34	1	0	2
PET0462	NA	26	1	0	2
PET0463	NA	38	1	0	2
PET0464	NA	34	1	0	2
PET0465	NA	22	1	0	2
PET0466	NA	24	1	0	2
PET0467	NA	34	1	0	2
PET0468	NA	24	1	0	2
PET0469	NA	24	1	0	2
PET0470	NA	30	1	0	2
PET0471	NA	30	1	0	2
PET0472	NA	34	1	0	2
PET0473N	NA	38	1	0	2
PET0474N	NA	18	1	0	2
PET0475	NA	38	1	0	2
PET0476	NA	24	1	0	2
PET0477	NA	40	1	0	2
PET0478	NA	38	1	0	2
PET0479	NA	36	1	0	2
PET0480	NA	30	1	0	2
PET0481	NA	34	1	0	2
PET0482	NA	36	1	0	2
PET0483	NA	42	1	0	2
PET0484	NA	36	1	0	2
PET0485	NA	36	1	0	2
PET0486	NA	26	1	0	2
PET0487	NA	28	1	0	2
PET0488	NA	40	1	0	2
PET0489	NA	36	1	0	2
PET0490	NA	36	1	0	2
PET0491	NA	26	1	0	2
PET0492	NA	34	1	0	2
PET0493	NA	22	1	0	2
PET0494	NA	28	1	0	2
PET0495	NA	32	1	0	2
PET0496	NA	24	1	0	2
PET0497	NA	30	1	0	2
PET0498	NA	30	1	0	2
PET0499	NA	16	1	0	2
PET0500	NA	26	1	0	2
PET0501	NA	28	1	0	2
PET0502	NA	18	1	0	2
PET0503	NA	36	1	0	2
PET0504	NA	28	1	0	2
PET0505	NA	30	1	0	2
PET0506	NA	32	1	0	2
PET0507	NA	26	1	0	2
PET0508	NA	36	1	0	2
PET0509	NA	18	1	0	2
PET0510	NA	28	1	0	2
PET0511	NA	30	1	0	2
PET0512	NA	30	1	0	2
PET0513	NA	38	1	0	2
PET0514	NA	36	1	0	2
PET0515	NA	32	1	0	2
PET0516	NA	34	1	0	2
PET0517	NA	24	1	0	2
PET0518	NA	32	1	0	2
PET0519	NA	38	1	0	2
PET0520	NA	32	1	0	2
PET0521	NA	30	1	0	2
PET0522	NA	34	1	0	2
PET0523	NA	38	1	0	2
PET0524	NA	34	1	0	2
PET0525	NA	36	0.05555555555555555	0.1111111111111111	0
PET0526	NA	28	1	0	2
PET0527	NA	26	1	0	2
PET0528	NA	22	1	0	2
PET0529	NA	34	1	0	2
PET0530	NA	34	1	0	2
PET0531	NA	36	1	0	2
PET0532	NA	34	1	0	2
PET0534N	NA	32	1	0	2
PET0535	NA	34	1	0	2
PET0536	NA	26	1	0	2
PET0537	NA	38	1	0	2
PET0538	NA	38	1	0	2
PET0539	NA	20	1	0	2
PET0540	NA	28	1	0	2
PET0541N	NA	30	1	0	2
PET0542N	NA	28	1	0	2
PET0543	NA	32	1	0	2
PET0544	NA	26	1	0	2
PET0545	NA	28	1	0	2
PET0546	NA	30	1	0	2
PET0547	NA	34	1	0	2
PET0548	NA	20	1	0	2
PET0549	NA	16	0.9375	0.125	2
PET0550	NA	42	1	0	2
PET0552	NA	42	1	0	2
PET0553	NA	30	1	0	2
PET0554	NA	24	1	0	2
PET0555	NA	24	1	0	2
PET0556	NA	20	1	0	2
PET0557	NA	24	1	0	2
PET0558	NA	30	1	0	2
PET0559	NA	26	1	0	2
PET0560	NA	32	1	0	2
PET0561	NA	36	1	0	2
PET0562	NA	40	1	0	2
PET0563	NA	34	1	0	2
PET0564	NA	32	1	0	2
PET0565	NA	22	1	0	2
PET0566	NA	22	1	0	2
PET0567	NA	20	0.05	0.1	0
PET0568	NA	36	1	0	2
PET0569N	NA	32	1	0	2
PET0570	NA	22	1	0	2
PET0571	NA	30	1	0	2
PET0572	NA	24	1	0	2
PET0573	NA	30	1	0	2
PET0574	NA	30	1	0	2
PET0575	NA	28	1	0	2
PET0576	NA	20	1	0	2
PET0577	NA	34	1	0	2
PET0578	NA	26	1	0	2
PET0579	NA	24	1	0	2
PET0580	NA	36	1	0	2
PET0581	NA	24	1	0	2
PET0582	NA	34	1	0	2
PET0583	NA	30	1	0	2
PET0584	NA	28	1	0	2
PET0585	NA	30	0.9666666666666667	0.06666666666666667	2
PET0586	NA	38	1	0	2
PET0587	NA	34	0.9705882352941176	0.058823529411764705	2
PET0588	NA	34	1	0	2
PET0589	NA	32	1	0	2
PET0590	NA	18	1	0	2
PET0591	NA	36	1	0	2
PET0592	NA	28	1	0	2
PET0593	NA	34	1	0	2
PET0594	NA	38	1	0	2
PET0595	NA	36	1	0	2
PET0596	NA	28	1	0	2
PET0597	NA	30	1	0	2
PET0598	NA	30	1	0	2
PET0599	NA	30	1	0	2
PET0600	NA	28	1	0	2
PET0601	NA	34	1	0	2
PET0602	NA	28	1	0	2
PET0603	NA	38	1	0	2
PET0604	NA	30	1	0	2
PET0605	NA	32	1	0	2
PET0606	NA	26	1	0	2
PET0607	NA	28	1	0	2
PET0609	NA	34	1	0	2
PET0610	NA	40	1	0	2
PET0611	NA	28	1	0	2
PET0612	NA	38	1	0	2
PET0613	NA	32	0.96875	0.0625	2
PET0614	NA	38	1	0	2
PET0615	NA	32	1	0	2
PET0616	NA	34	1	0	2
PET0617	NA	30	1	0	2
PET0618	NA	30	1	0	2
PET0619	NA	32	1	0	2
PET0620	NA	32	1	0	2
PET0621	NA	30	1	0	2
PET0622	NA	30	1	0	2
PET0623	NA	36	1	0	2
PET0624	NA	42	1	0	2
PET0625	NA	30	1	0	2
PET0626	NA	34	1	0	2
PET0627	NA	34	1	0	2
PET0629	NA	34	1	0	2
PET0630	NA	30	1	0	2
PET0631	NA	34	1	0	2
PET0632	NA	26	1	0	2
PET0633	NA	30	0.9666666666666667	0.06666666666666667	2
PET0634	NA	38	1	0	2
PET0635	NA	30	1	0	2
PET0636	NA	36	0.9722222222222222	0.05555555555555555	2
PET0637	NA	36	1	0	2
PET0638	NA	30	1	0	2
PET0639	NA	28	1	0	2
PET0640	NA	28	1	0	2
PET0641	NA	36	1	0	2
PET0642	NA	22	0.9545454545454546	0.09090909090909091	2
PET0643	NA	36	1	0	2
PET0644	NA	38	1	0	2
PET0645	NA	40	1	0	2
PET0646	NA	32	1	0	2
PET0647	NA	30	1	0	2
PET0718	NA	42	1	0	2
PET0719	NA	38	1	0	2
PET0720	NA	30	1	0	2
PET0721	NA	28	1	0	2
PET0722	NA	28	0.9285714285714286	0	2
PET0723	NA	28	1	0	2
PET0724	NA	30	1	0	2
PET0725	NA	36	1	0	2
PET0726	NA	36	1	0	2
PET0727	NA	26	1	0	2
PET0748	NA	36	1	0	2
PET0749N	NA	28	1	0	2
PET0750	NA	28	1	0	2
PET0751	NA	30	1	0	2
PET0752	NA	34	0.9705882352941176	0.058823529411764705	2
PET0753	NA	36	0.9722222222222222	0.05555555555555555	2
PET0754	NA	38	1	0	2
PET0755N	NA	28	1	0	2
PET0756N	NA	36	1	0	2
PET0757	NA	38	1	0	2
PET0758	NA	36	1	0	2
PET0759	NA	26	1	0	2
PET0760	NA	36	1	0	2
PET0761	NA	34	1	0	2
PET0762	NA	36	1	0	2
PET0763	NA	24	1	0	2
PET0764	NA	42	1	0	2
PET0765	NA	24	1	0	2
PET0766	NA	34	1	0	2
PET0767	NA	22	1	0	2
PET0768	NA	32	1	0	2
PET0769	NA	36	1	0	2
PET0770	NA	28	1	0	2
PET0773N	NA	22	1	0	2
PET0774N	NA	34	1	0	2
PET0775	NA	26	1	0	2
PET0776	NA	34	1	0	2
PET0777	NA	26	1	0	2
PET0778	NA	22	1	0	2
PET0779N	NA	32	1	0	2
PET0780N	NA	36	1	0	2
PET0781	NA	34	1	0	2
PET0782	NA	22	1	0	2
PET0783	NA	32	1	0	2
PET0784	NA	36	1	0	2
PET0785	NA	38	1	0	2
PET0786	NA	26	1	0	2
PET0787	NA	38	1	0	2
PET0788	NA	36	1	0	2
PET0789	NA	26	1	0	2
PET0790	NA	28	1	0	2
PET0791	NA	34	1	0	2
PET0792	NA	32	1	0	2
PET0793	NA	32	1	0	2
PET0794	NA	40	1	0	2
PET0795	NA	34	1	0	2
PET0796	NA	38	1	0	2
PET0797	NA	32	1	0	2
PET0798	NA	30	1	0	2
PET0799	NA	28	1	0	2
PET0800	NA	34	1	0	2
PI_531071	NA	36	1	0	2
pra06-seTX	NA	4	1	0	2
Pueblo	NA	24	1	0	2
Q004B_SD1A-1	NA	40	1	0	2
Q017B_KS2W-6_1R	NA	32	0.96875	0.0625	2
Q021B_IA1W-2	NA	38	1	0	2
Q027_SD1A-4	NA	24	1	0	2
Q029B_SD1A38	NA	20	1	0	2
Q036B_KS1W-19	NA	34	1	0	2
Q038_KS1A-25R	NA	36	0.9722222222222222	0.05555555555555555	2
Q041_KS1W-24	NA	40	1	0	2
Q042_KS1W-35	NA	40	1	0	2
Q046_KS2W-24	NA	38	1	0	2
Q052B-KS2W-15	NA	40	1	0	2
Q053B_IA1A-4_2	NA	26	1	0	2
Q074_IA1A-11B	NA	36	1	0	2
Q075_IA1W-1	NA	18	1	0	2
Q076_IA1W-11	NA	30	1	0	2
Q076C_SD2W-23	NA	34	1	0	2
Q077_IA1W-21	NA	36	1	0	2
Q079_KS1A-15	NA	42	1	0	2
Q080_KS1A-36	NA	40	0.975	0.05	2
Q081_KS2A-6	NA	24	0.9583333333333334	0.08333333333333333	2
Q082_KS2A-14	NA	42	1	0	2
Q083_KS2W-14	NA	26	0.9615384615384616	0.07692307692307693	2
Q084_KS2W-32	NA	40	1	0	2
Q086_MB1W-40	NA	38	1	0	2
Q088_MK4-4	NA	30	1	0	2
Q089_MK4-4R	NA	24	1	0	2
Q090_MK4-5	NA	40	1	0	2
Q091_MK4-13R	NA	34	1	0	2
Q092_MK4-19	NA	24	1	0	2
Q093_MK7-13	NA	34	1	0	2
Q094_ND1W-38	NA	28	1	0	2
Q095_P-16	NA	16	1	0	2
Q095B_SD2A-27	NA	24	1	0	2
Q096_SD1A-40	NA	16	1	0	2
Q097_SD1W-6	NA	24	1	0	2
Q098_SD1W-14	NA	18	1	0	2
Q098B_SK1A-36	NA	26	1	0	2
Q099_SD1W-21B	NA	8	1	0	2
Q100_SD2W-23R	NA	12	1	0	2
Q101_SK1A-17A	NA	14	1	0	2
Q114B_MO1A-18	NA	22	1	0	2
Q117B_SD2A-18	NA	22	1	0	2
Q144C_ND1W-31	NA	28	0.9642857142857143	0.07142857142857142	2
Q166B_ND1W-25	NA	8	1	0	2
Q18B_Man-7	NA	32	1	0	2
Q23_P-015	NA	12	1	0	2
Q24_P-046	NA	16	1	0	2
Q25_P-076	NA	10	1	0	2
Q33_IA1W-28	NA	6	1	0	2
Q35_IA2A-7	NA	10	1	0	2
Q68_P-014	NA	20	1	0	2
Q87_MK3-2	NA	18	1	0	2
QPA2_KS2W-8	NA	40	0.975	0.05	2
QPA3_SK1A-22	NA	34	1	0	2
QPB3_IA2W-7	NA	36	0.9722222222222222	0.05555555555555555	2
QPB4_IA2A-9	NA	38	1	0	2
QPC1_SK1W-37	NA	18	1	0	2
QPC2_IA2W-6	NA	10	1	0	2
QPC4_IA2A-4	NA	34	0.9411764705882353	0	2
QPD2_KS1W-32	NA	42	1	0	2
QPD5_MK4-9	NA	38	0.9736842105263158	0.05263157894736842	2
QPE2_KS1W-26	NA	16	1	0	2
QPE5_KS1A-28	NA	40	1	0	2
QPF4_KS1W-9	NA	32	1	0	2
QPG1_SD1W-15	NA	32	1	0	2
QPG4_KS2W-35	NA	42	1	0	2
QPH4_SD1W-13	NA	40	1	0	2
R1_SBF_2013_15	NA	10	1	0	2
R11_SBF_2013_49	NA	4	1	0	2
R13_SBF_2013_58	NA	2	1	0	2
R16_NHKG_2013_22	NA	6	1	0	2
R18_NHKG_2013_1-R-2	NA	4	1	0	2
R21_NHKG_2013_2-R-6B	NA	12	1	0	2
R22_NHKG_2013_2-R-7	NA	2	1	0	2
R23_NHKG_2013_2-R-10	NA	6	1	0	2
R25_NHKG_2013_4-R-4	NA	2	1	0	2
R29_NHKG_2013_4-R-26	NA	6	1	0	2
R3_SBF_2013_21	NA	2	1	0	2
R32_HK24_2013_1-R-6	NA	4	1	0	2
R36_HK24_2013_30	NA	6	1	0	2
R38_HK24_2013_61	NA	14	1	0	2
R39_NHKE2_2013_1-R-4	NA	8	1	0	2
R4_SBF_2013_24	NA	4	1	0	2
R42_NHKE4_2013_1-R-8	NA	4	1	0	2
R46_NHKE4_2013_5	NA	12	1	0	2
R9_SBF_2013_38	NA	8	1	0	2
SAM001	NA	30	1	0	2
SAM002	NA	28	1	0	2
SAM003	NA	42	1	0	2
SAM004	NA	26	1	0	2
SAM005	NA	6	1	0	2
SAM006	NA	2	1	0	2
SAM007	NA	22	1	0	2
SAM008	NA	36	1	0	2
SAM009	NA	36	1	0	2
SAM010	NA	42	1	0	2
SAM011	NA	42	1	0	2
SAM012	NA	36	1	0	2
SAM013	NA	20	1	0	2
SAM014	NA	42	1	0	2
SAM015	NA	12	1	0	2
SAM016	NA	32	1	0	2
SAM017	NA	24	1	0	2
SAM018	NA	24	1	0	2
SAM019	NA	22	1	0	2
SAM020	NA	42	1	0	2
SAM021	NA	42	1	0	2
SAM022	NA	28	1	0	2
SAM023	NA	42	1	0	2
SAM024	NA	30	1	0	2
SAM025	NA	12	1	0	2
SAM026	NA	24	1	0	2
SAM027	NA	40	1	0	2
SAM028	NA	22	1	0	2
SAM029	NA	24	1	0	2
SAM030	NA	18	1	0	2
SAM031	NA	26	1	0	2
SAM032	NA	26	1	0	2
SAM033	NA	38	1	0	2
SAM034	NA	42	1	0	2
SAM035	NA	38	1	0	2
SAM036	NA	40	1	0	2
SAM037	NA	28	1	0	2
SAM038	NA	12	1	0	2
SAM039	NA	40	1	0	2
SAM040	NA	30	1	0	2
SAM041	NA	26	1	0	2
SAM042	NA	18	1	0	2
SAM043	NA	24	1	0	2
SAM044	NA	28	1	0	2
SAM045	NA	14	1	0	2
SAM046	NA	30	1	0	2
SAM047	NA	28	1	0	2
SAM048	NA	22	1	0	2
SAM049	NA	24	1	0	2
SAM050	NA	34	1	0	2
SAM051	NA	16	1	0	2
SAM052	NA	36	1	0	2
SAM053	NA	40	1	0	2
SAM054	NA	42	1	0	2
SAM055	NA	30	1	0	2
SAM056	NA	20	1	0	2
SAM057	NA	36	1	0	2
SAM058	NA	34	1	0	2
SAM059	NA	24	1	0	2
SAM060	NA	42	1	0	2
SAM061	NA	28	1	0	2
SAM062	NA	42	1	0	2
SAM063	NA	36	1	0	2
SAM064	NA	28	1	0	2
SAM065	NA	36	1	0	2
SAM066	NA	12	1	0	2
SAM067	NA	32	1	0	2
SAM068	NA	42	1	0	2
SAM069	NA	42	1	0	2
SAM070	NA	42	1	0	2
SAM071	NA	42	1	0	2
SAM072	NA	8	1	0	2
SAM073	NA	18	1	0	2
SAM074	NA	42	1	0	2
SAM075	NA	24	1	0	2
SAM076	NA	22	1	0	2
SAM077	NA	18	1	0	2
SAM078	NA	16	1	0	2
SAM079	NA	30	1	0	2
SAM080	NA	30	1	0	2
SAM081	NA	26	1	0	2
SAM082	NA	28	1	0	2
SAM083	NA	18	1	0	2
SAM084	NA	24	1	0	2
SAM086	NA	32	1	0	2
SAM087	NA	34	1	0	2
SAM088	NA	36	1	0	2
SAM089	NA	18	1	0	2
SAM090	NA	24	1	0	2
SAM091	NA	42	1	0	2
SAM092	NA	34	1	0	2
SAM093	NA	42	1	0	2
SAM094	NA	42	1	0	2
SAM095	NA	34	1	0	2
SAM096	NA	42	1	0	2
SAM097	NA	42	1	0	2
SAM098	NA	32	1	0	2
SAM099	NA	38	1	0	2
SAM100	NA	18	1	0	2
SAM101	NA	42	1	0	2
SAM102	NA	36	1	0	2
SAM103	NA	16	1	0	2
SAM104	NA	40	1	0	2
SAM105	NA	36	1	0	2
SAM106	NA	42	1	0	2
SAM107	NA	42	1	0	2
SAM108	NA	28	1	0	2
SAM109	NA	38	1	0	2
SAM110	NA	16	1	0	2
SAM111	NA	40	1	0	2
SAM112	NA	24	1	0	2
SAM113	NA	42	1	0	2
SAM114	NA	18	1	0	2
SAM115	NA	18	1	0	2
SAM116	NA	32	1	0	2
SAM117	NA	18	1	0	2
SAM118	NA	40	1	0	2
SAM119	NA	14	1	0	2
SAM120	NA	42	1	0	2
SAM121	NA	18	1	0	2
SAM122	NA	30	1	0	2
SAM123	NA	28	1	0	2
SAM124	NA	28	1	0	2
SAM125	NA	28	1	0	2
SAM126	NA	26	1	0	2
SAM127	NA	40	1	0	2
SAM128	NA	26	1	0	2
SAM129	NA	26	1	0	2
SAM130	NA	40	1	0	2
SAM131	NA	40	1	0	2
SAM132	NA	30	1	0	2
SAM133	NA	42	1	0	2
SAM134	NA	16	1	0	2
SAM135	NA	18	1	0	2
SAM136	NA	24	1	0	2
SAM137	NA	14	1	0	2
SAM138	NA	42	1	0	2
SAM139	NA	40	1	0	2
SAM140	NA	38	1	0	2
SAM141	NA	32	1	0	2
SAM142	NA	34	1	0	2
SAM143	NA	14	1	0	2
SAM144	NA	24	1	0	2
SAM145	NA	12	1	0	2
SAM146	NA	30	1	0	2
SAM147	NA	40	1	0	2
SAM148	NA	8	1	0	2
SAM149	NA	16	1	0	2
SAM150	NA	36	1	0	2
SAM151	NA	26	1	0	2
SAM152	NA	16	1	0	2
SAM153	NA	42	1	0	2
SAM154	NA	38	1	0	2
SAM155	NA	32	1	0	2
SAM156	NA	34	1	0	2
SAM157	NA	24	1	0	2
SAM158	NA	24	1	0	2
SAM159	NA	30	1	0	2
SAM160	NA	22	1	0	2
SAM161	NA	34	1	0	2
SAM162	NA	26	1	0	2
SAM163	NA	38	1	0	2
SAM164	NA	34	1	0	2
SAM165	NA	42	1	0	2
SAM166	NA	38	1	0	2
SAM167	NA	40	1	0	2
SAM168	NA	18	1	0	2
SAM169	NA	42	1	0	2
SAM170	NA	34	1	0	2
SAM171	NA	12	1	0	2
SAM172	NA	42	1	0	2
SAM173	NA	26	1	0	2
SAM174	NA	4	1	0	2
SAM175	NA	34	1	0	2
SAM176	NA	42	1	0	2
SAM177	NA	42	1	0	2
SAM178	NA	28	1	0	2
SAM179	NA	42	1	0	2
SAM180	NA	34	1	0	2
SAM181	NA	30	1	0	2
SAM182	NA	42	1	0	2
SAM183	NA	42	1	0	2
SAM184	NA	42	1	0	2
SAM185	NA	42	1	0	2
SAM186	NA	26	1	0	2
SAM187	NA	30	1	0	2
SAM188	NA	20	1	0	2
SAM189	NA	32	1	0	2
SAM190	NA	20	1	0	2
SAM191	NA	42	1	0	2
SAM192	NA	26	1	0	2
SAM193	NA	32	1	0	2
SAM194	NA	34	1	0	2
SAM195	NA	26	1	0	2
SAM196	NA	16	1	0	2
SAM197	NA	38	1	0	2
SAM198	NA	22	1	0	2
SAM199	NA	26	1	0	2
SAM200	NA	38	1	0	2
SAM201	NA	32	1	0	2
SAM202	NA	38	1	0	2
SAM203	NA	38	1	0	2
SAM204	NA	24	1	0	2
SAM205	NA	28	1	0	2
SAM206	NA	26	1	0	2
SAM207	NA	22	1	0	2
SAM208	NA	22	1	0	2
SAM209	NA	26	1	0	2
SAM210	NA	42	1	0	2
SAM211	NA	26	1	0	2
SAM212	NA	38	1	0	2
SAM213	NA	22	1	0	2
SAM214	NA	38	1	0	2
SAM215	NA	42	1	0	2
SAM216	NA	36	1	0	2
SAM217	NA	30	1	0	2
SAM218	NA	42	1	0	2
SAM219	NA	42	1	0	2
SAM220	NA	28	1	0	2
SAM221	NA	30	1	0	2
SAM222	NA	36	1	0	2
SAM223	NA	22	1	0	2
SAM224	NA	22	1	0	2
SAM225	NA	38	1	0	2
SAM226	NA	42	1	0	2
SAM227	NA	42	1	0	2
SAM228	NA	20	1	0	2
SAM229	NA	28	1	0	2
SAM230	NA	28	1	0	2
SAM231	NA	34	1	0	2
SAM232	NA	42	1	0	2
SAM233	NA	42	1	0	2
SAM234	NA	40	1	0	2
SAM235	NA	34	1	0	2
SAM236	NA	34	1	0	2
SAM237	NA	42	1	0	2
SAM238	NA	36	1	0	2
SAM239	NA	12	1	0	2
SAM240	NA	42	1	0	2
SAM241	NA	28	1	0	2
SAM242	NA	42	1	0	2
SAM243	NA	24	1	0	2
SAM244	NA	36	1	0	2
SAM245	NA	34	1	0	2
SAM246	NA	30	1	0	2
SAM247	NA	38	1	0	2
SAM248	NA	28	1	0	2
SAM249	NA	40	1	0	2
SAM250	NA	14	1	0	2
SAM251	NA	30	1	0	2
SAM252	NA	32	1	0	2
SAM253	NA	30	1	0	2
SAM254	NA	22	1	0	2
SAM255	NA	42	1	0	2
SAM256	NA	42	1	0	2
SAM257	NA	42	1	0	2
SAM258	NA	24	1	0	2
SAM259	NA	20	1	0	2
SAM260	NA	26	1	0	2
SAM261	NA	40	1	0	2
SAM262	NA	42	1	0	2
SAM263	NA	32	1	0	2
SAM264	NA	42	1	0	2
SAM265	NA	30	1	0	2
SAM266	NA	8	1	0	2
SAM267	NA	40	1	0	2
SAM268	NA	30	1	0	2
SAM269	NA	16	1	0	2
SAM270	NA	28	1	0	2
SAM271	NA	22	1	0	2
SAM273	NA	24	1	0	2
SAM274	NA	42	1	0	2
SAM275	NA	36	1	0	2
SAM276	NA	40	1	0	2
SAM277	NA	28	1	0	2
SAM278	NA	18	1	0	2
SAM279	NA	42	1	0	2
SAM280	NA	42	1	0	2
SAM281	NA	42	1	0	2
SAM282	NA	38	1	0	2
SAM283	NA	42	1	0	2
SAM284	NA	20	1	0	2
SAM285	NA	18	1	0	2
SAM286	NA	16	1	0	2
SAM287	NA	38	1	0	2
SAM288	NA	40	1	0	2
SAM289	NA	34	1	0	2
SBF2_2013_13	NA	12	1	0	2
SBF2_2013_17	NA	8	1	0	2
SBF2_2013_20	NA	14	0.8571428571428571	0	2
SBF2_2013_6	NA	2	1	0	2
Seneca	NA	20	1	0	2
SF_33	NA	42	1	0	2
W50_NHKG_2013_1-W-6B	NA	10	1	0	2
W51_NHKG_2013_2-W-1	NA	4	1	0	2
W55_NHKG_2013_2-W-6	NA	14	1	0	2
W58_NHKG_2013_4-W-8	NA	12	1	0	2
W59_NHKG_2013_4-W-13	NA	6	1	0	2
W62_HK24_2013_43	NA	6	1	0	2
W64_HK24_2013_79	NA	2	1	0	2
W67_HK24_2013_1-W-5	NA	10	1	0	2
W68_NHKE4_2013_1-W-1	NA	8	1	0	2
W69_NHK_2013_3	NA	6	1	0	2
W70_NHK_2013_5	NA	6	1	0	2
W71_NHK_2013_8	NA	4	1	0	2
W81_SNM_2013_50	NA	4	1	0	2
W84_SNM_2013_72	NA	2	1	0	2
W91_SNM_2013_93	NA	4	1	0	2
Zuni	NA	22	1	0	2
