sample	cluster_genotype	pca_sites	perc_1	het	triangle_genotype
PET0648	0	26	0	0	0
PET0649	0	24	0	0	0
PET0650	0	30	0	0	0
PET0651	0	30	0	0	0
PET0652	1	28	0.5	1	1
PET0653	1	30	0.6	0.6666666666666666	1
PET0654	0	30	0	0	0
PET0655	0	30	0	0	0
PET0656	1	20	0.45	0.7	1
PET0657	1	18	0.5	1	1
PET0658	0	24	0	0	0
PET0659	1	30	0.5	0.8666666666666667	1
PET0660	1	30	0.5	0.7333333333333333	1
PET0662	0	28	0	0	0
PET0663	1	22	0.5454545454545454	0.9090909090909091	1
PET0664N	0	28	0	0	0
PET0665	0	28	0	0	0
PET0666	0	24	0	0	0
PET0667	0	6	0	0	0
PET0668	0	28	0	0	0
PET0669	1	30	0.4666666666666667	0.8	1
PET0670	1	26	0.5769230769230769	0.8461538461538461	1
PET0672	0	22	0	0	0
PET0673	1	30	0.6333333333333333	0.6	1
PET0674	2	22	1	0	2
PET0675	1	16	0.375	0.75	1
PET0676	1	20	0.6	0.6	1
PET0677	1	24	0.5416666666666666	0.9166666666666666	1
PET0678	1	24	0.5	1	1
PET0679	1	8	0.5	1	1
PET0680	1	30	0.5	1	1
PET0681	1	24	0.5416666666666666	0.9166666666666666	1
PET0682	2	34	1	0	2
PET0683	2	28	1	0	2
PET0684	1	20	0.55	0.9	1
PET0685	2	22	0.9545454545454546	0.09090909090909091	2
PET0687	0	22	0	0	0
PET0688	0	24	0	0	0
PET0689N	1	20	0.65	0.7	1
PET0690N	1	16	0.625	0.5	1
PET0691	0	24	0.125	0.25	0
PET0692	1	18	0.5555555555555556	0.6666666666666666	1
PET0693	1	10	0.3	0.6	1
PET0694	0	32	0	0	0
PET0695	0	22	0	0	0
PET0696	0	26	0	0	0
PET0697	0	26	0	0	0
PET0698	0	30	0.03333333333333333	0.06666666666666667	0
PET0699	1	20	0.55	0.9	1
PET0700	2	36	1	0	2
PET0701	0	32	0.0625	0.125	0
PET0702	0	24	0.041666666666666664	0.08333333333333333	0
PET0703	0	18	0	0	0
PET0704	1	22	0.6363636363636364	0.7272727272727273	1
PET0705	0	24	0.041666666666666664	0.08333333333333333	0
PET0706	0	26	0	0	0
PET0707	1	22	0.5	0.8181818181818182	1
PET0708	0	22	0	0	0
PET0709	0	26	0	0	0
PET0710	0	24	0	0	0
PET0711	0	32	0.09375	0.1875	0
PET0712	1	26	0.46153846153846156	0.9230769230769231	1
PET0713	0	16	0.0625	0.125	0
PET0714	1	18	0.6666666666666666	0.6666666666666666	1
PET0715	0	22	0	0	0
PET0716	1	16	0.5625	0.625	1
PET0717	1	26	0.46153846153846156	0.9230769230769231	1
PET0728	2	24	0.9583333333333334	0.08333333333333333	2
PET0730	0	30	0.06666666666666667	0.13333333333333333	0
PET0731	0	28	0	0	0
PET0732	0	28	0	0	0
PET0733	0	26	0	0	0
PET0734	1	24	0.4166666666666667	0.6666666666666666	1
PET0735	0	16	0	0	0
PET0736N	0	28	0	0	0
PET0737	0	20	0	0	0
PET0738	1	32	0.46875	0.8125	1
PET0739	2	28	1	0	2
PET0740	1	22	0.5	0.8181818181818182	1
PET0741	1	16	0.5	0.75	1
PET0742	0	32	0.0625	0.125	0
PET0743	1	14	0.5714285714285714	0.8571428571428571	1
PET0744	0	24	0.041666666666666664	0.08333333333333333	0
PET0745	1	30	0.6333333333333333	0.7333333333333333	1
PET0746	1	16	0.4375	0.875	1
PET0747	1	18	0.5555555555555556	0.8888888888888888	1
664647_GIG	NA	26	0.038461538461538464	0.07692307692307693	0
ann01-cwIA	NA	26	0	0	0
ann04-nwAR	NA	22	0	0	0
ann05-ccNM	NA	30	0	0	0
ann06-seWY	NA	6	0	0	0
ann08-ceTN	NA	16	0.0625	0.125	0
ANN0801	NA	28	0	0	0
ANN0802	NA	34	0	0	0
ANN0803	NA	30	0	0	0
ANN0804	NA	30	0	0	0
ANN0805	NA	20	0	0	0
ANN0806	NA	24	0	0	0
ANN0807	NA	22	0.045454545454545456	0.09090909090909091	0
ANN0808	NA	34	0.058823529411764705	0	0
ANN0809	NA	36	0.027777777777777776	0.05555555555555555	0
ANN0810	NA	36	0	0	0
ANN0811	NA	24	0	0	0
ANN0812	NA	32	0.03125	0.0625	0
ANN0813	NA	36	0	0	0
ANN0814	NA	34	0.029411764705882353	0.058823529411764705	0
ANN0815	NA	32	0.03125	0.0625	0
ANN0816	NA	36	0.027777777777777776	0.05555555555555555	0
ANN0817	NA	24	0	0	0
ANN0818	NA	32	0	0	0
ANN0819	NA	24	0	0	0
ANN0820	NA	30	0	0	0
ANN0821	NA	32	0	0	0
ANN0822	NA	28	0	0	0
ANN0823	NA	30	0	0	0
ANN0824	NA	26	0	0	0
ANN0825	NA	12	0	0	0
ANN0826	NA	32	0	0	0
ANN0827	NA	24	0	0	0
ANN0828	NA	36	0	0	0
ANN0829	NA	34	0	0	0
ANN0830	NA	34	0	0	0
ANN0831-	NA	32	0	0	0
ANN0832	NA	28	0	0	0
ANN0833	NA	30	0	0	0
ANN0834	NA	28	0	0	0
ANN0835	NA	34	0	0	0
ANN0836	NA	32	0	0	0
ANN0837	NA	28	0	0	0
ANN0838	NA	24	0	0	0
ANN0839	NA	30	0	0	0
ANN0840	NA	32	0	0	0
ANN0841	NA	28	0	0	0
ANN0842	NA	26	0	0	0
ANN0843	NA	28	0	0	0
ANN0844	NA	30	0	0	0
ANN0845	NA	30	0	0	0
ANN0846	NA	26	0	0	0
ANN0847	NA	34	0	0	0
ANN0848	NA	26	0	0	0
ANN0849	NA	34	0	0	0
ANN0850	NA	34	0	0	0
ANN0851	NA	26	0	0	0
ANN0852	NA	32	0	0	0
ANN0853	NA	24	0	0	0
ANN0854	NA	36	0	0	0
ANN0855	NA	18	0	0	0
ANN0856	NA	28	0	0	0
ANN0857	NA	28	0	0	0
ANN0858	NA	30	0	0	0
ANN0859	NA	36	0	0	0
ANN0860	NA	34	0	0	0
ANN0861	NA	22	0	0	0
ANN0862	NA	28	0.03571428571428571	0.07142857142857142	0
ANN0863	NA	32	0.03125	0.0625	0
ANN0864	NA	30	0	0	0
ANN0865	NA	30	0	0	0
ANN0866	NA	24	0.041666666666666664	0.08333333333333333	0
ANN0867	NA	30	0.03333333333333333	0.06666666666666667	0
ANN0868	NA	32	0.03125	0.0625	0
ANN0869	NA	30	0	0	0
ANN0870	NA	32	0	0	0
ANN0871	NA	30	0.06666666666666667	0	0
ANN0872	NA	32	0	0	0
ANN0873	NA	28	0	0	0
ANN0874	NA	34	0	0	0
ANN0875	NA	30	0.03333333333333333	0.06666666666666667	0
ANN0876	NA	28	0	0	0
ANN0877	NA	30	0	0	0
ANN0878	NA	28	0	0	0
ANN0879	NA	28	0	0	0
ANN0880	NA	18	0	0	0
ANN0881	NA	32	0	0	0
ANN0882	NA	30	0	0	0
ANN0883	NA	28	0	0	0
ANN0884	NA	32	0	0	0
ANN0885	NA	28	0	0	0
ANN0886	NA	34	0.029411764705882353	0.058823529411764705	0
ANN0887	NA	28	0	0	0
ANN0888	NA	28	0	0	0
ANN0889	NA	34	0.029411764705882353	0.058823529411764705	0
ANN0890	NA	36	0.05555555555555555	0	0
ANN0891	NA	36	0.027777777777777776	0.05555555555555555	0
ANN0892	NA	30	0	0	0
ANN0893	NA	30	0	0	0
ANN0894	NA	28	0	0	0
ANN0895	NA	30	0	0	0
ANN0896	NA	32	0	0	0
ANN0897	NA	32	0.03125	0.0625	0
ANN0898	NA	30	0.03333333333333333	0.06666666666666667	0
ANN0899	NA	22	0.045454545454545456	0.09090909090909091	0
ANN0900	NA	30	0	0	0
ANN0901	NA	32	0	0	0
ANN0902	NA	26	0	0	0
ANN0903	NA	32	0	0	0
ANN0904	NA	30	0	0	0
ANN0905	NA	36	0	0	0
ANN0906	NA	36	0	0	0
ANN0907	NA	32	0	0	0
ANN0908	NA	36	0	0	0
ANN0909	NA	34	0	0	0
ANN0910	NA	18	0	0	0
ANN0911	NA	18	0	0	0
ANN0912	NA	16	0	0	0
ANN0913	NA	32	0	0	0
ANN0914	NA	34	0	0	0
ANN0915	NA	22	0	0	0
ANN0916	NA	28	0	0	0
ANN0917	NA	32	0	0	0
ANN0918	NA	34	0.029411764705882353	0.058823529411764705	0
ANN0919	NA	32	0.03125	0.0625	0
ANN0920	NA	32	0	0	0
ANN0921	NA	24	0	0	0
ANN0922	NA	28	0	0	0
ANN0923	NA	30	0	0	0
ANN0924	NA	34	0	0	0
ANN0925	NA	34	0	0	0
ANN0926	NA	26	0	0	0
ANN0927	NA	32	0	0	0
ANN0928	NA	32	0	0	0
ANN0929	NA	28	0	0	0
ANN0930	NA	34	0	0	0
ANN0931	NA	30	0.03333333333333333	0.06666666666666667	0
ANN0932	NA	32	0.03125	0.0625	0
ANN0933	NA	36	0.05555555555555555	0	0
ANN0934	NA	22	0.045454545454545456	0.09090909090909091	0
ANN0935	NA	28	0.03571428571428571	0.07142857142857142	0
ANN0936	NA	34	0	0	0
ANN0937	NA	32	0	0	0
ANN0938	NA	24	0	0	0
ANN0939	NA	32	0.03125	0.0625	0
ANN0940	NA	28	0	0	0
ANN0941	NA	36	0	0	0
ANN0942	NA	34	0	0	0
ANN0943	NA	26	0	0	0
ANN0944	NA	20	0	0	0
ANN0945	NA	36	0.027777777777777776	0.05555555555555555	0
ANN0946	NA	34	0	0	0
ANN0947	NA	32	0.0625	0	0
ANN0948	NA	30	0	0	0
ANN0949	NA	34	0.029411764705882353	0.058823529411764705	0
ANN0950	NA	28	0	0	0
ANN0951	NA	18	0	0	0
ANN0952	NA	28	0	0	0
ANN0953	NA	28	0	0	0
ANN0954	NA	34	0	0	0
ANN0955	NA	30	0	0	0
ANN0956	NA	36	0	0	0
ANN0957	NA	34	0	0	0
ANN0958	NA	30	0	0	0
ANN0959	NA	34	0	0	0
ANN0960	NA	30	0	0	0
ANN0961	NA	30	0	0	0
ANN0962	NA	36	0.027777777777777776	0.05555555555555555	0
ANN0963	NA	32	0	0	0
ANN0964	NA	36	0	0	0
ANN0965	NA	32	0	0	0
ANN0966	NA	26	0	0	0
ANN0967	NA	24	0	0	0
ANN0968	NA	28	0	0	0
ANN0969	NA	34	0	0	0
ANN0970	NA	28	0.07142857142857142	0	0
ANN0971	NA	28	0	0	0
ANN0972	NA	36	0	0	0
ANN0973	NA	26	0.038461538461538464	0.07692307692307693	0
ANN0974	NA	24	0	0	0
ANN0975	NA	32	0	0	0
ANN0976	NA	28	0	0	0
ANN0977	NA	24	0	0	0
ANN0978	NA	32	0	0	0
ANN0979	NA	24	0	0	0
ANN0980	NA	26	0	0	0
ANN0981	NA	34	0	0	0
ANN0982	NA	32	0	0	0
ANN0983	NA	24	0.08333333333333333	0	0
ANN0984	NA	28	0	0	0
ANN0985	NA	36	0	0	0
ANN0986	NA	36	0.027777777777777776	0.05555555555555555	0
ANN0987	NA	24	0	0	0
ANN0988	NA	28	0	0	0
ANN0989	NA	30	0	0	0
ANN0990	NA	34	0.058823529411764705	0.11764705882352941	0
ANN0991	NA	34	0	0	0
ANN0992	NA	36	0	0	0
ANN0993	NA	28	0	0	0
ANN0994	NA	30	0	0	0
ANN0995	NA	30	0	0	0
ANN0996	NA	34	0	0	0
ANN0997	NA	36	0	0	0
ANN0998	NA	30	0	0	0
ANN0999	NA	28	0	0	0
ann10-ccIL	NA	26	0	0	0
ANN1000	NA	18	0	0	0
ANN1001	NA	28	0	0	0
ANN1002	NA	34	0.029411764705882353	0.058823529411764705	0
ANN1003	NA	34	0	0	0
ANN1004	NA	32	0.03125	0.0625	0
ANN1005	NA	30	0	0	0
ANN1006	NA	34	0.058823529411764705	0	0
ANN1007	NA	28	0	0	0
ANN1008	NA	30	0	0	0
ANN1009	NA	32	0.03125	0.0625	0
ANN1010	NA	32	0.03125	0.0625	0
ANN1011	NA	36	0	0	0
ANN1012	NA	36	0.027777777777777776	0.05555555555555555	0
ANN1013	NA	34	0	0	0
ANN1014	NA	32	0	0	0
ANN1015	NA	32	0	0	0
ANN1016	NA	32	0.03125	0.0625	0
ANN1017	NA	20	0	0	0
ANN1018	NA	28	0	0	0
ANN1019	NA	32	0	0	0
ANN1020	NA	22	0.045454545454545456	0.09090909090909091	0
ANN1021	NA	28	0	0	0
ANN1022	NA	28	0.03571428571428571	0.07142857142857142	0
ANN1023	NA	30	0.03333333333333333	0.06666666666666667	0
ANN1024	NA	28	0	0	0
ANN1025	NA	32	0.03125	0.0625	0
ANN1026	NA	30	0	0	0
ANN1027	NA	34	0.029411764705882353	0.058823529411764705	0
ANN1028	NA	32	0	0	0
ANN1029	NA	30	0	0	0
ANN1030	NA	28	0.03571428571428571	0.07142857142857142	0
ANN1031	NA	26	0	0	0
ANN1032	NA	28	0	0	0
ANN1033	NA	30	0	0	0
ANN1034	NA	22	0	0	0
ANN1035	NA	26	0	0	0
ANN1036	NA	34	0	0	0
ANN1037	NA	24	0	0	0
ANN1038	NA	30	0.03333333333333333	0.06666666666666667	0
ANN1039	NA	28	0	0	0
ANN1040	NA	34	0	0	0
ANN1041	NA	28	0	0	0
ANN1042	NA	34	0.029411764705882353	0.058823529411764705	0
ANN1043	NA	32	0.03125	0.0625	0
ANN1044	NA	34	0.029411764705882353	0.058823529411764705	0
ANN1045	NA	26	0	0	0
ANN1046	NA	34	0.058823529411764705	0.11764705882352941	0
ANN1047	NA	32	0	0	0
ANN1048	NA	28	0	0	0
ANN1049	NA	26	0.07692307692307693	0	0
ANN1050	NA	34	0.029411764705882353	0.058823529411764705	0
ANN1051	NA	30	0	0	0
ANN1052	NA	24	0	0	0
ANN1053	NA	32	0	0	0
ANN1054	NA	28	0	0	0
ANN1055	NA	36	0	0	0
ANN1056	NA	34	0.029411764705882353	0.058823529411764705	0
ANN1057	NA	34	0	0	0
ANN1058	NA	32	0.03125	0.0625	0
ANN1059	NA	32	0.03125	0.0625	0
ANN1060	NA	34	0.058823529411764705	0	0
ANN1061	NA	36	0	0	0
ANN1062	NA	34	0.029411764705882353	0.058823529411764705	0
ANN1063	NA	26	0	0	0
ANN1064	NA	8	0	0	0
ANN1065	NA	34	0.058823529411764705	0	0
ANN1066	NA	30	0	0	0
ANN1067	NA	28	0	0	0
ANN1068	NA	36	0.05555555555555555	0	0
ANN1069	NA	30	0	0	0
ANN1070	NA	28	0	0	0
ANN1071	NA	32	0.03125	0.0625	0
ANN1072	NA	28	0	0	0
ANN1073	NA	36	0.027777777777777776	0.05555555555555555	0
ANN1074	NA	34	0.029411764705882353	0.058823529411764705	0
ANN1075	NA	32	0	0	0
ANN1076	NA	28	0	0	0
ANN1077	NA	28	0	0	0
ANN1078	NA	34	0	0	0
ANN1079	NA	28	0	0	0
ANN1080	NA	32	0	0	0
ANN1081	NA	26	0	0	0
ANN1082	NA	36	0.05555555555555555	0	0
ANN1083	NA	36	0.027777777777777776	0.05555555555555555	0
ANN1084	NA	36	0.027777777777777776	0.05555555555555555	0
ANN1085	NA	28	0.03571428571428571	0.07142857142857142	0
ANN1086	NA	32	0.03125	0.0625	0
ANN1087	NA	30	0.03333333333333333	0.06666666666666667	0
ANN1088	NA	36	0.027777777777777776	0.05555555555555555	0
ANN1089	NA	28	0	0	0
ANN1090	NA	34	0	0	0
ANN1091	NA	24	0	0	0
ANN1092	NA	32	0	0	0
ANN1093	NA	26	0.038461538461538464	0.07692307692307693	0
ANN1094	NA	30	0	0	0
ANN1095	NA	36	0.027777777777777776	0.05555555555555555	0
ANN1096	NA	36	0.05555555555555555	0	0
ANN1097	NA	34	0	0	0
ANN1098	NA	32	0.03125	0.0625	0
ANN1099	NA	32	0	0	0
ANN1100	NA	28	0	0	0
ANN1101	NA	34	0	0	0
ANN1102	NA	22	0	0	0
ANN1103	NA	28	0	0	0
ANN1104	NA	28	0	0	0
ANN1105	NA	32	0	0	0
ANN1106	NA	32	0	0	0
ANN1107	NA	20	0	0	0
ANN1108	NA	30	0	0	0
ANN1109	NA	34	0	0	0
ANN1110	NA	36	0	0	0
ANN1111	NA	28	0.03571428571428571	0.07142857142857142	0
ANN1112	NA	30	0	0	0
ANN1113	NA	34	0	0	0
ANN1114	NA	20	0	0	0
ANN1115	NA	34	0.029411764705882353	0.058823529411764705	0
ANN1116	NA	32	0	0	0
ANN1117	NA	18	0	0	0
ANN1118	NA	26	0.038461538461538464	0.07692307692307693	0
ANN1119	NA	32	0.03125	0.0625	0
ANN1120	NA	34	0.029411764705882353	0.058823529411764705	0
ANN1121	NA	28	0	0	0
ANN1122	NA	22	0	0	0
ANN1123	NA	34	0.029411764705882353	0.058823529411764705	0
ANN1124	NA	34	0	0	0
ANN1125	NA	30	0	0	0
ANN1126	NA	26	0	0	0
ANN1127	NA	34	0.058823529411764705	0.11764705882352941	0
ANN1128	NA	26	0	0	0
ANN1129	NA	34	0	0	0
ANN1130	NA	32	0	0	0
ANN1131	NA	20	0	0	0
ANN1132	NA	34	0	0	0
ANN1133	NA	36	0	0	0
ANN1134	NA	36	0.027777777777777776	0.05555555555555555	0
ANN1135	NA	34	0	0	0
ANN1136	NA	26	0	0	0
ANN1137	NA	24	0	0	0
ANN1138	NA	30	0	0	0
ANN1139	NA	28	0	0	0
ANN1140	NA	30	0	0	0
ANN1141	NA	28	0	0	0
ANN1142	NA	30	0	0	0
ANN1143	NA	34	0.029411764705882353	0.058823529411764705	0
ANN1144	NA	28	0.03571428571428571	0.07142857142857142	0
ANN1145	NA	30	0	0	0
ANN1146	NA	22	0	0	0
ANN1147	NA	30	0	0	0
ANN1148	NA	28	0	0	0
ANN1149	NA	24	0	0	0
ANN1150	NA	36	0	0	0
ANN1151	NA	30	0	0	0
ANN1152	NA	32	0	0	0
ANN1153	NA	30	0	0	0
ANN1154	NA	34	0.029411764705882353	0.058823529411764705	0
ANN1155	NA	32	0	0	0
ANN1156	NA	20	0	0	0
ANN1157	NA	14	0	0	0
ANN1158	NA	30	0	0	0
ANN1159	NA	26	0	0	0
ANN1160	NA	30	0	0	0
ANN1161	NA	30	0	0	0
ANN1162	NA	18	0.05555555555555555	0.1111111111111111	0
ANN1163	NA	30	0.06666666666666667	0	0
ANN1164	NA	30	0	0	0
ANN1165	NA	22	0	0	0
ANN1166	NA	26	0.07692307692307693	0	0
ANN1167	NA	30	0	0	0
ANN1168	NA	32	0.03125	0.0625	0
ANN1169	NA	30	0	0	0
ANN1170	NA	34	0	0	0
ANN1171	NA	34	0.029411764705882353	0.058823529411764705	0
ANN1172	NA	32	0	0	0
ANN1173	NA	24	0	0	0
ANN1174	NA	36	0	0	0
ANN1175	NA	24	0	0	0
ANN1176	NA	34	0.058823529411764705	0	0
ANN1177	NA	34	0	0	0
ANN1178	NA	32	0.0625	0	0
ANN1179	NA	26	0	0	0
ANN1180	NA	30	0.03333333333333333	0.06666666666666667	0
ANN1181	NA	24	0	0	0
ANN1182	NA	28	0.03571428571428571	0.07142857142857142	0
ANN1183	NA	32	0	0	0
ANN1184	NA	30	0	0	0
ANN1185	NA	26	0	0	0
ANN1186	NA	22	0	0	0
ANN1187	NA	32	0	0	0
ANN1188	NA	34	0	0	0
ANN1189	NA	18	0	0	0
ANN1190	NA	32	0	0	0
ANN1191	NA	26	0	0	0
ANN1192	NA	28	0	0	0
ANN1193	NA	34	0	0	0
ANN1194	NA	20	0	0	0
ANN1195	NA	36	0.05555555555555555	0.1111111111111111	0
ANN1196	NA	20	0	0	0
ANN1197	NA	28	0	0	0
ANN1198	NA	36	0	0	0
ANN1199	NA	32	0	0	0
ANN1200	NA	28	0	0	0
ANN1201	NA	28	0	0	0
ANN1202	NA	28	0	0	0
ANN1203	NA	36	0.05555555555555555	0	0
ANN1204	NA	36	0.027777777777777776	0.05555555555555555	0
ANN1205	NA	34	0.029411764705882353	0.058823529411764705	0
ANN1206	NA	24	0	0	0
ANN1207	NA	28	0	0	0
ANN1208	NA	24	0	0	0
ANN1209	NA	30	0	0	0
ANN1210	NA	30	0	0	0
ANN1211	NA	32	0	0	0
ANN1212	NA	30	0.03333333333333333	0.06666666666666667	0
ANN1213	NA	30	0	0	0
ANN1214	NA	32	0	0	0
ANN1215	NA	28	0	0	0
ANN1216	NA	34	0	0	0
ANN1217	NA	30	0.06666666666666667	0	0
ANN1218	NA	34	0	0	0
ANN1219	NA	28	0	0	0
ANN1220	NA	34	0	0	0
ANN1221	NA	26	0	0	0
ANN1222	NA	20	0.05	0.1	0
ANN1223	NA	32	0	0	0
ANN1224	NA	34	0.029411764705882353	0.058823529411764705	0
ANN1225	NA	30	0	0	0
ANN1226	NA	28	0	0	0
ANN1227	NA	24	0	0	0
ANN1228	NA	34	0	0	0
ANN1229	NA	36	0.05555555555555555	0	0
ANN1230	NA	28	0.03571428571428571	0.07142857142857142	0
ANN1231	NA	28	0	0	0
ANN1232	NA	30	0	0	0
ANN1233	NA	34	0.029411764705882353	0.058823529411764705	0
ANN1234	NA	34	0	0	0
ANN1235	NA	32	0	0	0
ANN1236	NA	30	0	0	0
ANN1237	NA	26	0.038461538461538464	0.07692307692307693	0
ANN1238	NA	36	0.05555555555555555	0.1111111111111111	0
ANN1239	NA	34	0	0	0
ANN1240	NA	32	0	0	0
ANN1241	NA	26	0.07692307692307693	0	0
ANN1242	NA	34	0	0	0
ANN1243	NA	34	0	0	0
ANN1244	NA	34	0.029411764705882353	0.058823529411764705	0
ANN1245	NA	20	0	0	0
ANN1246	NA	32	0	0	0
ANN1247	NA	24	0	0	0
ANN1248	NA	30	0	0	0
ANN1249	NA	28	0	0	0
ANN1250	NA	24	0	0	0
ANN1251	NA	28	0	0	0
ANN1252	NA	36	0	0	0
ANN1253	NA	30	0	0	0
ANN1254	NA	22	0	0	0
ANN1255	NA	24	0	0	0
ANN1256	NA	28	0	0	0
ANN1257	NA	24	0	0	0
ANN1258	NA	32	0	0	0
ANN1259	NA	30	0	0	0
ANN1260	NA	34	0	0	0
ANN1261	NA	24	0	0	0
ANN1262	NA	32	0	0	0
ANN1263	NA	30	0	0	0
ANN1264	NA	28	0	0	0
ANN1265	NA	30	0	0	0
ANN1266	NA	26	0	0	0
ANN1267	NA	32	0.03125	0.0625	0
ANN1268	NA	30	0	0	0
ANN1269	NA	24	0	0	0
ANN1270	NA	32	0	0	0
ANN1271	NA	30	0	0	0
ANN1272	NA	26	0	0	0
ANN1273	NA	22	0	0	0
ANN1274	NA	34	0	0	0
ANN1275	NA	30	0	0	0
ANN1276	NA	26	0	0	0
ANN1277	NA	26	0	0	0
ANN1278	NA	30	0	0	0
ANN1279	NA	30	0	0	0
ANN1280	NA	30	0	0	0
ANN1281	NA	30	0	0	0
ANN1282	NA	30	0	0	0
ANN1283	NA	32	0	0	0
ANN1284	NA	32	0	0	0
ANN1285	NA	32	0	0	0
ANN1286	NA	34	0	0	0
ANN1287	NA	28	0	0	0
ANN1288	NA	30	0	0	0
ANN1289	NA	16	0	0	0
ANN1290	NA	34	0	0	0
ANN1291	NA	26	0	0	0
ANN1292	NA	24	0	0	0
ANN1293	NA	22	0	0	0
ANN1294	NA	22	0	0	0
ANN1295	NA	24	0	0	0
ANN1296	NA	30	0	0	0
ANN1297	NA	32	0.03125	0.0625	0
ANN1298	NA	18	0	0	0
ANN1299	NA	30	0	0	0
ANN1300	NA	28	0.03571428571428571	0.07142857142857142	0
ANN1301	NA	30	0	0	0
ANN1302	NA	34	0.058823529411764705	0.11764705882352941	0
ANN1303	NA	30	0	0	0
ANN1304	NA	16	0	0	0
ANN1305	NA	32	0	0	0
ANN1306	NA	30	0	0	0
ANN1307	NA	30	0	0	0
ANN1308	NA	22	0	0	0
ANN1309	NA	32	0	0	0
ANN1310	NA	34	0.029411764705882353	0.058823529411764705	0
ANN1311	NA	34	0	0	0
ANN1312	NA	30	0	0	0
ANN1313	NA	30	0	0	0
ANN1314	NA	28	0	0	0
ANN1315	NA	32	0	0	0
ANN1316	NA	34	0	0	0
ANN1317	NA	32	0.0625	0	0
ANN1318	NA	26	0	0	0
ANN1319	NA	34	0	0	0
ANN1320	NA	28	0.07142857142857142	0	0
ANN1321	NA	28	0	0	0
ANN1322	NA	28	0	0	0
ANN1323	NA	34	0	0	0
ANN1324	NA	26	0	0	0
ANN1325	NA	26	0	0	0
ANN1326	NA	26	0.038461538461538464	0.07692307692307693	0
ANN1327	NA	32	0	0	0
ANN1328	NA	32	0	0	0
ANN1329	NA	26	0.038461538461538464	0.07692307692307693	0
ANN1330	NA	32	0	0	0
ANN1331	NA	32	0	0	0
ANN1332	NA	24	0	0	0
ANN1333	NA	28	0	0	0
ANN1334	NA	28	0	0	0
ANN1335	NA	26	0	0	0
ANN1336	NA	26	0	0	0
ANN1337	NA	36	0	0	0
ANN1338	NA	36	0	0	0
ANN1339	NA	34	0	0	0
ANN1340	NA	30	0	0	0
ANN1341	NA	32	0	0	0
ANN1342	NA	28	0	0	0
ANN1343	NA	30	0.06666666666666667	0	0
ANN1344	NA	34	0	0	0
ANN1345	NA	26	0	0	0
ANN1346	NA	18	0.05555555555555555	0.1111111111111111	0
ANN1347	NA	30	0	0	0
ANN1348	NA	28	0	0	0
ANN1349	NA	26	0.07692307692307693	0	0
ANN1350	NA	26	0	0	0
ANN1351	NA	24	0.08333333333333333	0	0
ANN1352	NA	30	0	0	0
ANN1353	NA	26	0.038461538461538464	0.07692307692307693	0
ANN1354	NA	24	0	0	0
ANN1355	NA	32	0	0	0
ANN1356	NA	28	0.03571428571428571	0.07142857142857142	0
ANN1357	NA	32	0	0	0
ANN1358	NA	24	0	0	0
ANN1359	NA	24	0	0	0
ANN1360	NA	12	0	0	0
ANN1361	NA	34	0.029411764705882353	0.058823529411764705	0
ANN1362	NA	34	0.029411764705882353	0.058823529411764705	0
ANN1363	NA	36	0	0	0
ANN1364	NA	36	0.05555555555555555	0.1111111111111111	0
ANN1365	NA	24	0.041666666666666664	0.08333333333333333	0
ANN1366	NA	26	0.038461538461538464	0.07692307692307693	0
ANN1367	NA	36	0.027777777777777776	0.05555555555555555	0
ANN1368	NA	30	0	0	0
ANN1369	NA	30	0	0	0
ANN1370	NA	32	0.03125	0.0625	0
ANN1371	NA	26	0	0	0
ANN1372	NA	34	0.058823529411764705	0	0
ANN1373	NA	36	0	0	0
ANN1374	NA	34	0	0	0
ANN1375	NA	30	0	0	0
ANN1376	NA	24	0	0	0
ANN1377	NA	34	0	0	0
ANN1378	NA	32	0	0	0
ANN1379	NA	24	0	0	0
ANN1380	NA	34	0.058823529411764705	0	0
ANN1381	NA	34	0.029411764705882353	0.058823529411764705	0
ANN1382	NA	24	0	0	0
ANN1383	NA	30	0.06666666666666667	0	0
ANN1384	NA	34	0	0	0
ANN1385	NA	30	0.03333333333333333	0.06666666666666667	0
ANN1386	NA	36	0.027777777777777776	0.05555555555555555	0
ANN1387	NA	26	0.038461538461538464	0.07692307692307693	0
ANN1388	NA	36	0.027777777777777776	0.05555555555555555	0
ANN1389	NA	30	0	0	0
ANN1390	NA	30	0.06666666666666667	0	0
ANN1391	NA	26	0	0	0
ANN1392	NA	30	0	0	0
ANN1393	NA	36	0.027777777777777776	0.05555555555555555	0
ANN1394	NA	32	0	0	0
ANN1395	NA	28	0	0	0
ANN1396	NA	30	0.03333333333333333	0.06666666666666667	0
ANN1397	NA	30	0	0	0
ANN1398	NA	34	0.029411764705882353	0.058823529411764705	0
ANN1399	NA	26	0	0	0
ANN1400	NA	28	0	0	0
ANN1401	NA	36	0	0	0
ANN1402	NA	30	0.03333333333333333	0.06666666666666667	0
ANN1403	NA	32	0	0	0
ANN1404	NA	34	0.029411764705882353	0.058823529411764705	0
ANN1405	NA	26	0	0	0
ANN1406	NA	26	0	0	0
ANN1407	NA	32	0	0	0
ANN1408	NA	34	0	0	0
ANN1409	NA	36	0.05555555555555555	0	0
ANN1410	NA	28	0	0	0
ANN1419	NA	26	0	0	0
ANN1420	NA	34	0	0	0
ANN1439	NA	26	0	0	0
ANN1501	NA	6	0	0	0
ann20-seAZ	NA	8	0	0	0
ann28-swSK	NA	6	0	0	0
ann29-neSD	NA	20	0	0	0
ann34-cwKS	NA	16	0	0	0
ann39-ncNE	NA	2	0	0	0
ann44-ccCA	NA	16	0.125	0	0
annHA89_1	NA	18	0.1111111111111111	0	0
annIA	NA	20	0	0	0
annKS	NA	14	0	0	0
annMAN	NA	24	0	0	0
annNM	NA	18	0.1111111111111111	0	0
annWY	NA	24	0.041666666666666664	0.08333333333333333	0
Anzac_Pueblo	NA	26	0	0	0
ARG0001	NA	24	0.08333333333333333	0	0
ARG0002	NA	24	0	0	0
ARG0003	NA	18	0.1111111111111111	0	0
ARG0004	NA	20	0.1	0	0
ARG0005	NA	16	0.125	0	0
ARG0006	NA	20	0.1	0	0
ARG0007	NA	18	0	0	0
ARG0008	NA	28	0.07142857142857142	0	0
ARG0009	NA	22	0.09090909090909091	0	0
ARG0010	NA	28	0.07142857142857142	0	0
ARG0011	NA	14	0	0	0
ARG0012	NA	20	0	0	0
ARG0013	NA	18	0.1111111111111111	0	0
ARG0014	NA	22	0	0	0
ARG0015	NA	16	0	0	0
ARG0016	NA	18	0	0	0
ARG0017	NA	18	0.1111111111111111	0	0
ARG0018	NA	28	0.07142857142857142	0	0
ARG0019	NA	14	0	0	0
ARG0020	NA	18	0.1111111111111111	0	0
ARG0021	NA	26	0.07692307692307693	0	0
ARG0022	NA	20	0	0	0
ARG0023	NA	14	0.14285714285714285	0	0
ARG0024	NA	18	0.1111111111111111	0	0
ARG0025	NA	20	0.1	0	0
ARG0026	NA	18	0	0	0
ARG0027	NA	26	0.07692307692307693	0	0
ARG0028	NA	16	0.125	0	0
ARG0029	NA	24	0.08333333333333333	0	0
ARG0030	NA	24	0.08333333333333333	0	0
ARG0031	NA	24	0.08333333333333333	0	0
ARG0032	NA	20	0.1	0	0
ARG0033	NA	20	0.1	0	0
ARG0034	NA	24	0.08333333333333333	0	0
ARG0035	NA	20	0.1	0	0
ARG0036	NA	22	0.09090909090909091	0	0
ARG0037	NA	24	0.08333333333333333	0	0
ARG0038	NA	26	0.07692307692307693	0	0
ARG0039	NA	20	0	0	0
ARG0040	NA	26	0.07692307692307693	0	0
ARG0041	NA	22	0.09090909090909091	0	0
ARG0042	NA	16	0	0	0
ARG0043	NA	20	0.1	0	0
ARG0044N	NA	20	0.1	0	0
ARG0045	NA	26	0	0	0
ARG0046	NA	24	0.08333333333333333	0	0
ARG0047	NA	28	0.07142857142857142	0	0
ARG0048N	NA	24	0.08333333333333333	0	0
ARG0049	NA	26	0.07692307692307693	0	0
ARG0050	NA	20	0	0	0
ARG0051	NA	22	0.09090909090909091	0	0
ARG0052	NA	18	0.1111111111111111	0	0
ARG0053	NA	18	0.1111111111111111	0	0
ARG0054	NA	30	0.06666666666666667	0	0
ARG0055	NA	24	0.08333333333333333	0	0
ARG0056	NA	22	0.09090909090909091	0	0
ARG0057	NA	18	0.1111111111111111	0	0
ARG0058	NA	14	0	0	0
ARG0059	NA	24	0.08333333333333333	0	0
ARG0060	NA	24	0.08333333333333333	0	0
ARG0061	NA	14	0.14285714285714285	0	0
ARG0062N	NA	26	0.07692307692307693	0	0
ARG0063	NA	24	0.08333333333333333	0	0
ARG0064	NA	20	0	0	0
ARG0065	NA	20	0.1	0	0
ARG0066	NA	20	0.1	0	0
ARG0067	NA	28	0.07142857142857142	0	0
ARG0068	NA	18	0	0	0
ARG0069	NA	26	0.07692307692307693	0	0
ARG0070	NA	24	0.08333333333333333	0	0
ARG0071	NA	20	0.1	0	0
ARG0072	NA	18	0.1111111111111111	0	0
ARG0073	NA	22	0.09090909090909091	0	0
ARG0074	NA	22	0	0	0
ARG0075	NA	20	0.1	0	0
ARG0076	NA	18	0.1111111111111111	0	0
ARG0077	NA	22	0.09090909090909091	0	0
ARG0078	NA	22	0	0	0
ARG0079	NA	20	0	0	0
ARG0080	NA	22	0.09090909090909091	0	0
ARG0081	NA	22	0.09090909090909091	0	0
ARG0082	NA	20	0.1	0	0
ARG0083	NA	16	0	0	0
ARG0084	NA	24	0.08333333333333333	0	0
ARG0085	NA	16	0	0	0
ARG0086	NA	28	0.07142857142857142	0	0
ARG0087N	NA	30	0.03333333333333333	0.06666666666666667	0
ARG0088	NA	8	0	0	0
ARG0089	NA	18	0	0	0
ARG0090	NA	20	0	0	0
ARG0091	NA	22	0.09090909090909091	0	0
ARG0092	NA	14	0.14285714285714285	0	0
ARG0093	NA	18	0	0	0
ARG0094	NA	26	0.07692307692307693	0	0
ARG0095	NA	24	0.08333333333333333	0	0
ARG0096	NA	18	0.1111111111111111	0	0
ARG0097	NA	16	0	0	0
ARG0098	NA	24	0.08333333333333333	0	0
ARG0099	NA	10	0.2	0	0
ARG0100	NA	22	0	0	0
ARG0101	NA	26	0.07692307692307693	0	0
ARG0102	NA	26	0.07692307692307693	0	0
ARG0103	NA	26	0.07692307692307693	0	0
ARG0104	NA	18	0.1111111111111111	0	0
ARG0105	NA	16	0	0	0
ARG0106	NA	24	0	0	0
ARG0107	NA	22	0.09090909090909091	0	0
ARG0108	NA	22	0.09090909090909091	0	0
ARG0109	NA	20	0	0	0
ARG0110	NA	18	0	0	0
ARG0111	NA	24	0.08333333333333333	0	0
ARG0112	NA	24	0.08333333333333333	0	0
ARG0113	NA	18	0.1111111111111111	0	0
ARG0114	NA	16	0.125	0	0
ARG0115	NA	20	0	0	0
ARG0116	NA	22	0.045454545454545456	0.09090909090909091	0
ARG0117	NA	12	0.16666666666666666	0	0
ARG0118	NA	22	0.09090909090909091	0	0
ARG0119	NA	18	0	0	0
ARG0120	NA	22	0	0	0
ARG0121	NA	12	0.16666666666666666	0	0
ARG0122	NA	20	0.1	0	0
ARG0123	NA	24	0.08333333333333333	0	0
ARG0124	NA	20	0.1	0	0
ARG0125	NA	20	0.1	0	0
ARG0126	NA	22	0.09090909090909091	0	0
ARG0127	NA	20	0.1	0	0
ARG0128	NA	24	0.08333333333333333	0	0
ARG0129	NA	12	0	0	0
ARG0130	NA	18	0.1111111111111111	0	0
ARG0131	NA	16	0.125	0	0
ARG0132	NA	18	0.1111111111111111	0	0
ARG0133	NA	12	0.16666666666666666	0	0
ARG0134N	NA	26	0	0	0
ARG0135	NA	14	0	0	0
ARG0136N	NA	16	0.125	0	0
ARG0137	NA	22	0	0	0
ARG0138	NA	24	0.08333333333333333	0	0
ARG0139	NA	20	0.1	0	0
ARG0140	NA	20	0	0	0
ARG0141	NA	26	0.07692307692307693	0	0
ARG0142	NA	20	0.1	0	0
ARG0143	NA	10	0	0	0
ARG0144	NA	22	0.09090909090909091	0	0
ARG0145	NA	22	0	0	0
ARG0146	NA	20	0.1	0	0
ARG0147	NA	18	0.1111111111111111	0	0
ARG0148	NA	18	0.1111111111111111	0	0
ARG0149	NA	14	0	0	0
ARG0150	NA	16	0.125	0	0
ARG0151	NA	14	0.14285714285714285	0	0
ARG0152	NA	10	0.2	0	0
ARG0153	NA	22	0.09090909090909091	0	0
ARG0154	NA	16	0	0	0
ARG0155	NA	12	0.16666666666666666	0	0
ARG0156	NA	18	0.1111111111111111	0	0
ARG0157	NA	18	0.1111111111111111	0	0
ARG0158	NA	20	0.1	0	0
ARG0159	NA	18	0.1111111111111111	0	0
ARG0160	NA	26	0	0	0
ARG0161	NA	18	0.1111111111111111	0	0
ARG0162	NA	28	0.07142857142857142	0	0
ARG0163	NA	22	0.09090909090909091	0	0
ARG0164	NA	18	0	0	0
ARG0166	NA	24	0.08333333333333333	0	0
ARG0167	NA	14	0.14285714285714285	0	0
ARG0168	NA	22	0	0	0
ARG0169	NA	26	0.07692307692307693	0	0
ARG0170	NA	18	0.1111111111111111	0	0
ARG0171	NA	26	0	0	0
ARG0172	NA	18	0	0	0
ARG0173	NA	14	0.14285714285714285	0	0
ARG0174	NA	16	0	0	0
ARG0175	NA	16	0	0	0
ARG0176	NA	22	0.09090909090909091	0	0
ARG0177	NA	22	0	0	0
ARG0178	NA	14	0	0	0
ARG0179	NA	20	0.1	0	0
ARG0180	NA	26	0.07692307692307693	0	0
ARG0181	NA	14	0	0	0
ARG0182	NA	16	0.125	0	0
ARG0183	NA	14	0	0	0
ARG0184	NA	20	0.1	0	0
ARG0185	NA	18	0	0	0
ARG0186	NA	18	0.1111111111111111	0	0
ARG0187	NA	16	0.125	0	0
ARG0188	NA	22	0.09090909090909091	0	0
ARG0189	NA	28	0.07142857142857142	0	0
ARG0190	NA	12	0.16666666666666666	0	0
ARG0191	NA	24	0.08333333333333333	0	0
ARG0192	NA	20	0.1	0	0
ARG0193N	NA	20	0.05	0.1	0
ARG0194	NA	10	0	0	0
ARG0195	NA	20	0	0	0
ARG0196	NA	18	0.1111111111111111	0	0
ARG0197	NA	22	0.09090909090909091	0	0
ARG0198	NA	20	0.1	0	0
ARG0199	NA	22	0.09090909090909091	0	0
ARG0200	NA	18	0.1111111111111111	0	0
ARG0201	NA	10	0	0	0
ARG0202	NA	12	0.16666666666666666	0	0
ARG0203	NA	24	0	0	0
ARG0204	NA	32	0.0625	0	0
ARG0205	NA	16	0	0	0
ARG0206	NA	14	0	0	0
ARG0207	NA	22	0.09090909090909091	0	0
ARG0208	NA	18	0.1111111111111111	0	0
ARG0209	NA	20	0.1	0	0
ARG0210	NA	12	0	0	0
ARG0211	NA	6	0	0	0
ARG0212	NA	22	0	0	0
ARG0213	NA	18	0.1111111111111111	0	0
ARG0214	NA	28	0.07142857142857142	0	0
ARG0215	NA	18	0	0	0
ARG0216	NA	16	0.125	0	0
ARG0217	NA	16	0.125	0	0
ARG0218	NA	20	0.1	0	0
ARG0219	NA	24	0	0	0
ARG0220	NA	20	0.1	0	0
ARG0221	NA	20	0.1	0	0
ARG0222	NA	24	0	0	0
ARG0223	NA	24	0.08333333333333333	0	0
ARG0224	NA	18	0.1111111111111111	0	0
ARG0225N	NA	28	0.07142857142857142	0	0
ARG0226N	NA	30	0.06666666666666667	0	0
ARG0227	NA	20	0.1	0	0
ARG0228	NA	24	0.08333333333333333	0	0
ARG0229	NA	22	0.09090909090909091	0	0
ARG0230N	NA	22	0.09090909090909091	0	0
ARG0231	NA	18	0.1111111111111111	0	0
ARG0232	NA	12	0.16666666666666666	0	0
ARG0233	NA	24	0	0	0
ARG0234	NA	24	0.08333333333333333	0	0
ARG0235	NA	22	0.09090909090909091	0	0
ARG0236	NA	22	0	0	0
ARG0237	NA	20	0.1	0	0
ARG0238	NA	22	0.09090909090909091	0	0
ARG0239	NA	16	0	0	0
ARG0240	NA	18	0.1111111111111111	0	0
ARG0241	NA	24	0.08333333333333333	0	0
ARG0242	NA	26	0.07692307692307693	0	0
ARG0243	NA	16	0	0	0
ARG0244	NA	28	0.07142857142857142	0	0
ARG0245	NA	16	0	0	0
ARG0246	NA	20	0	0	0
ARG0247	NA	26	0.07692307692307693	0	0
ARG0248	NA	14	0	0	0
ARG0249	NA	22	0.09090909090909091	0	0
ARG0250	NA	18	0	0	0
ARG0251	NA	30	0.06666666666666667	0	0
ARG0252	NA	28	0.07142857142857142	0	0
ARG0253	NA	24	0.08333333333333333	0	0
ARG0254	NA	16	0.125	0	0
ARG0255	NA	24	0.08333333333333333	0	0
ARG0256	NA	24	0.08333333333333333	0	0
ARG0257	NA	12	0.16666666666666666	0	0
ARG0258	NA	24	0.041666666666666664	0.08333333333333333	0
ARG0259	NA	28	0.07142857142857142	0	0
ARG0260	NA	20	0.1	0	0
ARG0261	NA	26	0.07692307692307693	0	0
ARG0262	NA	16	0.125	0	0
ARG0263	NA	18	0	0	0
ARG0264	NA	20	0.1	0	0
ARG0265	NA	22	0.09090909090909091	0	0
ARG0266N	NA	24	0.08333333333333333	0	0
ARG0267N	NA	14	0	0	0
ARG0268	NA	22	0.09090909090909091	0	0
ARG0269	NA	16	0.125	0	0
ARG0270	NA	16	0	0	0
ARG0271	NA	16	0.125	0	0
ARG0272	NA	26	0.07692307692307693	0	0
ARG0273	NA	26	0.07692307692307693	0	0
ARG0274	NA	26	0.07692307692307693	0	0
ARG0275	NA	20	0.1	0	0
ARG0276	NA	18	0.1111111111111111	0	0
ARG0277N	NA	28	0.07142857142857142	0	0
ARG0278N	NA	22	0.09090909090909091	0	0
ARG0279	NA	16	0	0	0
ARG0280	NA	10	0	0	0
ARG0281	NA	16	0.125	0	0
ARG0282	NA	28	0.07142857142857142	0	0
ARG0283	NA	30	0.06666666666666667	0	0
ARG0284	NA	20	0.1	0	0
ARG0285	NA	20	0.1	0	0
ARG0286	NA	26	0.07692307692307693	0	0
ARG0287	NA	22	0.09090909090909091	0	0
ARG0288	NA	16	0	0	0
ARG0289	NA	24	0.08333333333333333	0	0
ARG0290	NA	12	0.16666666666666666	0	0
ARG0291	NA	26	0.07692307692307693	0	0
ARG0292	NA	16	0.125	0	0
ARG0293	NA	24	0.08333333333333333	0	0
ARG0294	NA	26	0.07692307692307693	0	0
ARG0295	NA	28	0.07142857142857142	0	0
ARG0296	NA	24	0.08333333333333333	0	0
ARG0297	NA	26	0.07692307692307693	0	0
ARG0298N	NA	26	0.07692307692307693	0	0
ARG0299	NA	20	0	0	0
ARG0300	NA	24	0	0	0
ARG1805-10	NA	28	0.07142857142857142	0	0
ARG1805-8	NA	30	0.06666666666666667	0	0
ARG1820-7	NA	24	0.08333333333333333	0	0
ARG1834-8	NA	32	0.0625	0	0
Arikara	NA	24	0.041666666666666664	0.08333333333333333	0
DEB_1135	NA	26	0	0	0
DEB_1136	NA	20	0	0	0
DEB_1289	NA	24	0	0	0
DEB_1810	NA	34	0	0	0
DEB_1837	NA	18	0	0	0
DEB_366	NA	16	0	0	0
DEB_391	NA	26	0	0	0
DEB_896	NA	20	0.1	0	0
DEC_1895	NA	20	0	0	0
DIV_1956	NA	26	0.15384615384615385	0	0
ED1_KS2A12-3_33	NA	14	0	0	0
ED12_SK1W15-3_300	NA	10	0	0	0
ED2_KS2W24-7_43	NA	10	0.2	0	0
GO1_GB057	NA	8	0	0	0
GO2_GB066	NA	18	0	0	0
GO3_GB067	NA	28	0	0	0
GO4_GB068	NA	14	0.14285714285714285	0	0
GO5_GB069	NA	20	0.1	0	0
GO6_GB070	NA	26	0.07692307692307693	0	0
GO7_GB071	NA	22	0.09090909090909091	0	0
GO8_GB179	NA	24	0.08333333333333333	0	0
GO9_GB275	NA	20	0	0	0
GRO_2043	NA	24	0.08333333333333333	0	0
GSD1009	NA	12	0.08333333333333333	0.16666666666666666	0
GSD1039	NA	20	0	0	0
GSD1085	NA	16	0	0	0
GSD1139	NA	16	0	0	0
GSD1169	NA	16	0	0	0
GSD1184	NA	24	0	0	0
GSD1258	NA	26	0	0	0
GSD1276	NA	14	0	0	0
GSD1329	NA	28	0	0	0
GSD1375	NA	8	0	0	0
GSD1503	NA	16	0	0	0
GSD1573	NA	16	0.0625	0.125	0
GSD1707	NA	16	0	0	0
GSD1732	NA	16	0	0	0
GSD1795	NA	20	0	0	0
GSD2008	NA	18	0	0	0
GSD2031	NA	8	0	0	0
GSD2067	NA	22	0.045454545454545456	0.09090909090909091	0
GSD2252	NA	18	0	0	0
GSD983	NA	22	0.045454545454545456	0.09090909090909091	0
Havasupai	NA	28	0.07142857142857142	0	0
HK24_10-1	NA	2	0	0	0
HK24_10-4	NA	14	0	0	0
HK24_11-2	NA	2	0	0	0
HK24_16_01_R_003	NA	22	0.09090909090909091	0	0
HK24_16_01_R_007	NA	10	0	0	0
HK24_16_01_R_010	NA	22	0	0	0
HK24_16_01_R_020	NA	24	0	0	0
HK24_16_01_R_027	NA	16	0.125	0	0
HK24_16_01_R_028	NA	18	0.05555555555555555	0.1111111111111111	0
HK24_16_01_R_029	NA	22	0	0	0
HK24_16_01_R_034	NA	18	0	0	0
HK24_16_01_R_038	NA	14	0	0	0
HK24_16_01_R_045	NA	24	0	0	0
HK24_16_01_R_047	NA	22	0.045454545454545456	0.09090909090909091	0
HK24_16_01_R_052	NA	20	0	0	0
HK24_16_01_R_054	NA	22	0.09090909090909091	0	0
HK24_16_01_R_056	NA	8	0	0	0
HK24_16_01_R_057	NA	6	0	0	0
HK24_16_01_R_058	NA	14	0	0	0
HK24_16_01_R_064	NA	22	0.045454545454545456	0.09090909090909091	0
HK24_16_01_R_065	NA	24	0	0	0
HK24_16_01_R_070	NA	10	0.1	0.2	0
HK24_16_01_R_072	NA	22	0.09090909090909091	0	0
HK24_16_01_R_076	NA	20	0	0	0
HK24_16_01_R_080	NA	18	0.1111111111111111	0	0
HK24_16_01_R_089	NA	12	0	0	0
HK24_16_01_R_091	NA	12	0	0	0
HK24_16_01_R_101	NA	18	0.1111111111111111	0	0
HK24_16_01_R_107	NA	20	0.1	0	0
HK24_16_01_R_108	NA	28	0.07142857142857142	0.14285714285714285	0
HK24_16_01_R_112	NA	12	0.08333333333333333	0.16666666666666666	0
HK24_16_01_R_113	NA	22	0	0	0
HK24_16_01_R_118	NA	12	0.08333333333333333	0.16666666666666666	0
HK24_16_01_W_008	NA	8	0	0	0
HK24_16_01_W_012	NA	18	0	0	0
HK24_16_01_W_013	NA	18	0	0	0
HK24_16_01_W_025	NA	12	0	0	0
HK24_16_01_W_034	NA	14	0	0	0
HK24_16_01_W_040	NA	16	0	0	0
HK24_16_01_W_046	NA	20	0	0	0
HK24_16_01_W_052	NA	16	0	0	0
HK24_16_01_W_056	NA	8	0	0	0
HK24_16_01_W_057	NA	14	0	0	0
HK24_16_01_W_058	NA	18	0	0	0
HK24_16_01_W_065	NA	16	0	0	0
HK24_16_01_W_066	NA	24	0	0	0
HK24_16_01_W_070	NA	10	0	0	0
HK24_16_01_W_071	NA	14	0	0	0
HK24_16_01_W_079	NA	6	0	0	0
HK24_16_01_W_081	NA	18	0	0	0
HK24_16_01_W_087	NA	18	0	0	0
HK24_16_01_W_089	NA	10	0	0	0
HK24_16_01_W_091	NA	22	0.13636363636363635	0.09090909090909091	0
HK24_16_01_W_092	NA	12	0	0	0
HK24_16_01_W_093	NA	24	0.125	0.08333333333333333	0
HK24_16_01_W_097	NA	22	0	0	0
HK24_16_01_W_102	NA	20	0	0	0
HK24_16_01_W_106	NA	12	0	0	0
HK24_16_01_W_108	NA	18	0.1111111111111111	0	0
HK24_16_01_W_109	NA	22	0	0	0
HK24_16_01_W_115	NA	12	0	0	0
HK24_16_01_W_118	NA	18	0.05555555555555555	0.1111111111111111	0
HK24_16_01_W_120	NA	10	0	0	0
HK24_16_01_W_126	NA	12	0	0	0
HK24_16_01_W_128	NA	22	0	0	0
HK24_16_01_W_130	NA	16	0	0	0
HK24_16_01_W_132	NA	6	0	0	0
HK24_16_01_W_135	NA	12	0	0	0
HK24_16_01_W_136	NA	14	0.14285714285714285	0	0
HK24_24-2	NA	4	0	0	0
Hopi	NA	34	0.029411764705882353	0.058823529411764705	0
HT_70_ND1A-29	NA	16	0.0625	0.125	0
HT007_MK4-20	NA	30	0	0	0
HT011_IA2W-37	NA	18	0	0	0
HT013_SD2W-18	NA	32	0.03125	0.0625	0
HT014_IA2W-16	NA	30	0.06666666666666667	0	0
HT023_IA1A-2	NA	30	0	0	0
HT027_P-37	NA	36	0.027777777777777776	0.05555555555555555	0
HT033N_IA2W-38	NA	30	0	0	0
HT038_MK1-31	NA	30	0	0	0
HT040_MK6-19	NA	8	0	0	0
HT054_IA2A-1	NA	36	0.027777777777777776	0.05555555555555555	0
HT088_MK4-29	NA	36	0.027777777777777776	0.05555555555555555	0
HT089_MK5-27	NA	22	0	0	0
HT091_MK6-22	NA	34	0	0	0
HT100_SK1W-29	NA	28	0	0	0
HT103_IA2W-39	NA	30	0.03333333333333333	0.06666666666666667	0
HT104_KS2W-15R	NA	4	0	0	0
HT105_MK2-2	NA	14	0	0	0
HT107_MK3-16	NA	22	0	0	0
HT108_MK5-2	NA	10	0	0	0
HT109_MK5-18	NA	16	0	0	0
HT110_MK5-24	NA	26	0	0	0
HT111_MK6-23	NA	34	0	0	0
HT112_MK8-21	NA	20	0	0	0
HT115_MO1A-23	NA	16	0	0	0
HT118_SD2W-19	NA	20	0	0	0
HT120_SK1A-22STAR	NA	20	0	0	0
HT124_SK1W-36	NA	16	0	0	0
HT125_MB1W-20	NA	24	0	0	0
HT126_MK1-6	NA	30	0	0	0
HT127_MK1-23	NA	22	0	0	0
HT128_MK1-25	NA	22	0	0	0
HT129_MK2-3	NA	20	0.1	0	0
HT130_MK2-17	NA	32	0	0	0
HT131_MK2-32	NA	28	0	0	0
HT133_MK5-14	NA	12	0	0	0
HT134_MK5-25	NA	20	0.05	0.1	0
HT135_MK6-3	NA	24	0	0	0
HT136_MK7-1	NA	28	0.03571428571428571	0.07142857142857142	0
HT137_MK7-25	NA	16	0.0625	0.125	0
HT138_MK8-12	NA	26	0	0	0
HT139_MO1A-26	NA	16	0	0	0
HT140_MO1W-2R	NA	2	0	0	0
HT141_MO1W-11	NA	10	0	0	0
HT142_MO1W-15	NA	10	0	0	0
HT143_ND1A-26	NA	10	0	0	0
HT146_SD2W-5	NA	10	0	0	0
HT147_SK1A-5	NA	18	0	0	0
HT149_IA2W-29	NA	22	0	0	0
HT15_Man-8	NA	12	0	0	0
HT150_MK2-12	NA	16	0	0	0
HT151_MK2-21	NA	10	0	0	0
HT152_MK8-23	NA	18	0	0	0
HT153_MK3-27	NA	22	0	0	0
HT154_MK3-33	NA	14	0	0	0
HT156_MK4-13	NA	16	0	0	0
HT157_MK7-6	NA	24	0	0	0
HT158_MK7-14	NA	22	0.09090909090909091	0.18181818181818182	0
HT159_MK7-17	NA	16	0.125	0	0
HT16_MK6-7	NA	14	0	0	0
HT160_MK7-23	NA	18	0.05555555555555555	0.1111111111111111	0
HT161_MK8-7	NA	30	0.03333333333333333	0.06666666666666667	0
HT162_MK8-31	NA	22	0	0	0
HT163_MO1A-17	NA	22	0	0	0
HT164_MO1W-3	NA	36	0.027777777777777776	0.05555555555555555	0
HT165_MO1W-16	NA	20	0.05	0.1	0
HT167_SD2A-7	NA	10	0	0	0
HT168_SD2A-17	NA	8	0	0	0
HT169_SD2A-31	NA	20	0	0	0
HT170_SD2W-14	NA	18	0	0	0
HT171_SK1A-11	NA	28	0	0	0
HT172_SK1W-Q	NA	12	0	0	0
HT174_MK1-9	NA	20	0	0	0
HT175_MK1-16	NA	16	0.0625	0.125	0
HT176_MK2-7	NA	16	0	0	0
HT177_MK2-27	NA	14	0	0	0
HT178_MK3-40	NA	16	0	0	0
HT181_MK5-13	NA	20	0	0	0
HT182_MK5-17	NA	12	0.16666666666666666	0	0
HT183_MK6-11	NA	14	0	0	0
HT185_MK8-2	NA	26	0	0	0
HT186_MK8-13	NA	18	0	0	0
HT187_MK8-28	NA	26	0	0	0
HT188_MO1A-27	NA	22	0	0	0
HT190_ND1A-20	NA	18	0	0	0
HT191_ND1A-33	NA	24	0	0	0
HT192_ND1A-40	NA	24	0	0	0
HT194_SD2W-15	NA	24	0	0	0
HT196_SK1W-1	NA	20	0	0	0
HT197_Man-10	NA	32	0	0	0
HT199_MK1-14	NA	16	0	0	0
HT200_MK2-13	NA	8	0	0	0
HT202_MK4-27	NA	16	0	0	0
HT203_MK5-7	NA	28	0	0	0
HT204_MK5-19	NA	8	0	0	0
HT205_MK7-8	NA	14	0	0	0
HT206_MK8-10	NA	26	0.07692307692307693	0	0
HT207_MK8-27	NA	16	0	0	0
HT208_MK3-36	NA	4	0	0	0
HT209_MO1A-12	NA	18	0	0	0
HT210_MO1A-25	NA	30	0	0	0
HT211_MO1W-39	NA	20	0	0	0
HT212_ND1A-8	NA	6	0	0	0
HT213_ND1W-20	NA	24	0.041666666666666664	0.08333333333333333	0
HT215_SD2A-1	NA	24	0.041666666666666664	0.08333333333333333	0
HT216_SD2A-32	NA	26	0	0	0
HT217_SD2W-21	NA	26	0.07692307692307693	0	0
HT218_SD2W-30	NA	18	0.05555555555555555	0.1111111111111111	0
HT219_SD2W-38	NA	12	0	0	0
HT220_SK1W-15	NA	20	0.05	0.1	0
HT221_IA2A-21	NA	14	0	0	0
HT222_KS2A-12	NA	16	0	0	0
HT224_KS2A-16	NA	16	0	0	0
HT225_KS2A-23R	NA	12	0.08333333333333333	0.16666666666666666	0
HT226_KS2A-37	NA	12	0	0	0
HT227_KS2W-9	NA	14	0	0	0
HT228_KS2W-12	NA	14	0	0	0
HT229_Man-6	NA	10	0	0	0
HT230_Man-9	NA	20	0	0	0
HT231_MB1W-8	NA	26	0	0	0
HT232_MB1W-11	NA	10	0	0	0
HT233_MB1W-14	NA	12	0	0	0
HT234_MB1W-39	NA	22	0	0	0
HT235_MK2-4	NA	18	0	0	0
HT236_MO1W-2	NA	16	0	0	0
HT237_MO1W-38	NA	36	0	0	0
HT239_P-036	NA	22	0	0	0
HT24_IA2W-14	NA	6	0	0	0
HT242_SK1W-25	NA	4	0	0	0
HT243_IA1A-11	NA	18	0	0	0
HT244_IA1A-25	NA	36	0	0	0
HT247_IA1W-33	NA	34	0.029411764705882353	0.058823529411764705	0
HT249_IA2A-8	NA	18	0	0	0
HT250_KS1A-14R	NA	34	0	0	0
HT251_KS1A-16	NA	20	0	0	0
HT252_KS1A-38	NA	32	0	0	0
HT254_KS1W-27	NA	32	0	0	0
HT255_KS1W-29	NA	30	0	0	0
HT256_KS2A-4	NA	24	0	0	0
HT257_KS2A-31	NA	28	0.03571428571428571	0.07142857142857142	0
HT258_KS2A-38	NA	30	0	0	0
HT259_KS2E-6	NA	34	0	0	0
HT26_MK3-24	NA	12	0	0	0
HT260_MK1-4	NA	34	0	0	0
HT262_MK7-24	NA	24	0	0	0
HT263_P-5	NA	36	0.027777777777777776	0.05555555555555555	0
HT265_P-85	NA	32	0.03125	0.0625	0
HT268_IA1A_25R	NA	32	0	0	0
HT269_IA1W-5	NA	34	0	0	0
HT270_IA1W_11R	NA	32	0	0	0
HT271_IA1W-15	NA	32	0.0625	0	0
HT272_IA1W-39	NA	32	0.0625	0.125	0
HT273_KS1A-31	NA	30	0.03333333333333333	0.06666666666666667	0
HT274_KS1W-3	NA	34	0	0	0
HT277_KS1W-40	NA	10	0	0	0
HT279_P-9	NA	20	0	0	0
HT280_P-13	NA	34	0.029411764705882353	0.058823529411764705	0
HT282_P-18	NA	18	0	0	0
HT283_P-19	NA	32	0.0625	0	0
HT284_P-45	NA	26	0	0	0
HT285_P-75	NA	22	0	0	0
HT287_P-101	NA	36	0	0	0
HT288_SD1A-24	NA	10	0	0	0
HT290_SD1W-20	NA	28	0	0	0
HT291_KS1A-14	NA	32	0	0	0
HT293_KS1A-28R	NA	28	0.07142857142857142	0	0
HT299_MK5-1	NA	24	0.041666666666666664	0.08333333333333333	0
HT30_IA2A-31R	NA	8	0	0	0
HT300_MB1W16	NA	26	0	0	0
HT301_MB1W_16B	NA	30	0	0	0
HT302_Man-5	NA	28	0	0	0
HT303_ND1A-21bR	NA	8	0	0	0
HT305_ND1W-27	NA	26	0	0	0
HT308_SD2W-27	NA	34	0	0	0
HT309_SK1A-11B	NA	28	0	0	0
HT31_IA2A-35	NA	10	0	0	0
HT310_SK1A-17B	NA	36	0	0	0
HT311_SK1W-29R	NA	34	0.058823529411764705	0	0
HT313_MK4-11	NA	34	0	0	0
HT314_MO1A-31	NA	36	0	0	0
HT315_IA1A-24	NA	34	0	0	0
HT317_IA1W-4	NA	36	0	0	0
HT318_IA2A-11	NA	32	0	0	0
HT319_IA2A-31	NA	32	0	0	0
HT32_IA2A-35R	NA	6	0	0	0
HT320_KS1A-11	NA	32	0	0	0
HT323_KS2A-23	NA	32	0	0	0
HT330_ND1W-6	NA	32	0	0	0
HT331_P-10	NA	34	0	0	0
HT334_P-21	NA	36	0.027777777777777776	0.05555555555555555	0
HT335_SD1A-20	NA	32	0	0	0
HT339_IA1A-3	NA	34	0.029411764705882353	0.058823529411764705	0
HT34_KS1A-29	NA	16	0	0	0
HT340_IA1A-4	NA	30	0	0	0
HT344_KS1A-25	NA	36	0	0	0
HT345_KS1W-2	NA	36	0	0	0
HT346_KS2A-1	NA	28	0.03571428571428571	0.07142857142857142	0
HT347_MK3-41	NA	28	0	0	0
HT349_MK7-28	NA	18	0.05555555555555555	0.1111111111111111	0
HT350_MK8-14	NA	26	0	0	0
HT352_MO1W-33	NA	24	0.041666666666666664	0.08333333333333333	0
HT353_ND1A-11	NA	18	0	0	0
HT356_SD1A-7	NA	28	0	0	0
HT360_SD1W-35	NA	28	0.07142857142857142	0	0
HT365_IA2W-11	NA	30	0	0	0
HT366_Man-1	NA	24	0.041666666666666664	0.08333333333333333	0
HT368_MK1-24	NA	16	0	0	0
HT369_MO1A-6	NA	20	0	0	0
HT370_MO1A-33	NA	22	0	0	0
HT373_SD1W-4	NA	26	0.038461538461538464	0.07692307692307693	0
HT374_SD2A-36	NA	26	0	0	0
HT376_SK1A-23	NA	24	0	0	0
HT378_SK1W-22	NA	28	0	0	0
HT379_SK1W-22R	NA	32	0.0625	0.125	0
HT39_MK6-13	NA	14	0	0	0
HT41_MK7-20	NA	14	0.07142857142857142	0.14285714285714285	0
HT42_MK8-17	NA	12	0	0	0
HT43_ND1A-21	NA	8	0	0	0
HT44_ND1W-12	NA	22	0	0	0
HT45_ND1W-36	NA	6	0	0	0
HT47_P-35	NA	16	0	0	0
HT48_SD1A-37	NA	22	0	0	0
HT5_ND1W-22	NA	8	0	0	0
HT50_SD2A-20	NA	20	0	0	0
HT51_SD2W-40	NA	16	0	0	0
HT53_IA1A-10	NA	18	0	0	0
HT55_IA2W-17	NA	12	0	0	0
HT56_IA2W-37	NA	14	0	0	0
HT6_SD1W-21	NA	20	0	0	0
HT60_MB1W-30	NA	22	0	0	0
HT61_MB1W-31	NA	22	0	0	0
HT62_MK1-20	NA	6	0	0	0
HT63_MK3-6	NA	18	0	0	0
HT64_MK4-3	NA	14	0.14285714285714285	0	0
HT65_MK6-5	NA	24	0.041666666666666664	0.08333333333333333	0
HT66_MK6-17	NA	6	0	0	0
HT68_MO1W-7	NA	22	0	0	0
HT69_ND1A-16	NA	6	0	0	0
HT71_P-002	NA	6	0	0	0
HT73_SD1A-28	NA	18	0	0	0
HT78_MK1-17	NA	18	0	0	0
HT79_MK1-21	NA	8	0	0	0
HT81_MK2-14	NA	24	0	0	0
HT82_N_MK2-25	NA	10	0	0	0
HT84_MK3-32	NA	8	0	0	0
HT85_MK3-49	NA	14	0	0	0
HT86_MK4-1	NA	14	0	0	0
HT87_MK4-16	NA	16	0	0	0
HT9_MK6-20	NA	10	0.1	0.2	0
HT90_MK6-2	NA	18	0	0	0
HT92_MK7-2	NA	14	0	0	0
HT93_ND1W-33	NA	14	0	0	0
HT94_SD2A-4	NA	8	0	0	0
HT96_SD2A-30STAR	NA	22	0	0	0
HT97_SD2A-35	NA	26	0	0	0
HT99_SK1A-39	NA	22	0	0	0
Laguna_Pueblo	NA	14	0	0	0
LS_18-5	NA	10	0	0	0
LS_2-2	NA	6	0	0	0
LS_20-3	NA	6	0	0	0
LS_22-2	NA	4	0	0	0
LS_29-7	NA	2	0	0	0
LS_30-5	NA	8	0	0	0
MexCult1	NA	12	0.08333333333333333	0.16666666666666666	0
MexCult14	NA	2	0	0	0
MexCult3	NA	6	0	0	0
MexCult6	NA	4	0.5	0	2
MexCult7	NA	4	0	0	0
MexCult9	NA	4	0.5	0	2
MON014	NA	26	0.07692307692307693	0.15384615384615385	0
MON069	NA	28	0.07142857142857142	0	0
MON106	NA	28	0.03571428571428571	0.07142857142857142	0
MON151	NA	22	0.09090909090909091	0	0
MON220	NA	6	0	0	0
MON263	NA	16	0.125	0	0
MON308	NA	12	0.16666666666666666	0	0
MON365	NA	12	0	0	0
MON401	NA	20	0	0	0
MON459	NA	8	0	0	0
MON520	NA	14	0	0	0
MON564	NA	12	0	0	0
MON606	NA	26	0	0	0
MON658	NA	18	0	0	0
MON713	NA	18	0	0	0
MON768	NA	14	0	0	0
MON818	NA	10	0.1	0.2	0
MON862	NA	22	0.09090909090909091	0	0
NHK_5-4	NA	10	0	0	0
NHKE_9-1	NA	12	0	0	0
NHKG_16_01_R_122	NA	14	0	0	0
NHKG_16_01_R_124	NA	22	0	0	0
NHKG_16_01_R_139	NA	12	0.25	0.16666666666666666	0
NHKG_16_01_R_140	NA	14	0	0	0
NHKG_16_01_R_144	NA	18	0.1111111111111111	0	0
NHKG_16_01_R_147	NA	8	0	0	0
NHKG_16_01_R_153	NA	16	0	0	0
NHKG_16_01_R_158	NA	12	0	0	0
NHKG_16_01_R_161	NA	20	0.15	0.1	0
NHKG_16_01_R_162	NA	18	0	0	0
NHKG_16_01_R_165	NA	16	0	0	0
NHKG_16_01_R_166	NA	6	0	0	0
NHKG_16_01_R_167	NA	16	0	0	0
NHKG_16_01_R_171	NA	18	0	0	0
NHKG_16_01_R_175	NA	6	0	0	0
NHKG_16_01_R_177	NA	16	0	0	0
NHKG_16_01_R_178	NA	20	0.05	0.1	0
NHKG_16_01_R_181	NA	24	0	0	0
NHKG_16_01_R_183	NA	14	0	0	0
NHKG_16_01_R_186	NA	22	0.09090909090909091	0	0
NHKG_16_01_R_189	NA	28	0.07142857142857142	0	0
NHKG_16_01_R_190	NA	12	0	0	0
NHKG_16_01_R_193	NA	20	0.05	0.1	0
NHKG_16_01_R_196	NA	14	0	0	0
NHKG_16_01_R_201	NA	22	0	0	0
NHKG_16_01_R_204	NA	20	0.05	0.1	0
NHKG_16_01_R_205	NA	26	0	0	0
NHKG_16_01_R_209	NA	26	0	0	0
NHKG_16_01_R_211	NA	16	0	0	0
NHKG_16_01_R_213	NA	22	0.09090909090909091	0	0
NHKG_16_01_R_215	NA	22	0	0	0
NHKG_16_01_R_217	NA	16	0	0	0
NHKG_16_01_R_223	NA	16	0	0	0
NHKG_16_01_R_224	NA	14	0	0	0
NHKG_16_01_R_225	NA	24	0	0	0
NHKG_16_01_W_139	NA	10	0	0	0
NHKG_16_01_W_141	NA	18	0	0	0
NHKG_16_01_W_142	NA	12	0	0	0
NHKG_16_01_W_145	NA	18	0	0	0
NHKG_16_01_W_148	NA	20	0.1	0	0
NHKG_16_01_W_149	NA	22	0	0	0
NHKG_16_01_W_151	NA	20	0	0	0
NHKG_16_01_W_161	NA	14	0.14285714285714285	0	0
NHKG_16_01_W_165	NA	12	0.08333333333333333	0.16666666666666666	0
NHKG_16_01_W_168	NA	18	0	0	0
NHKG_16_01_W_175	NA	14	0	0	0
NHKG_16_01_W_187	NA	24	0.08333333333333333	0	0
NHKG_16_01_W_188	NA	26	0.07692307692307693	0	0
NHKG_16_01_W_200	NA	20	0	0	0
NHKG_16_01_W_210	NA	14	0	0	0
NHKG_16_01_W_213	NA	10	0.1	0.2	0
NHKG_16_01_W_214	NA	20	0.1	0	0
NHKG_16_01_W_217	NA	18	0.1111111111111111	0	0
NHKG_16_01_W_221	NA	18	0	0	0
NHKG_16_01_W_222	NA	18	0	0	0
NHKG_16_01_W_223	NA	14	0.14285714285714285	0.2857142857142857	0
NHKG_16_01_W_226	NA	22	0.045454545454545456	0.09090909090909091	0
NHKG_16_01_W_228	NA	24	0	0	0
NHKG_16_01_W_230	NA	20	0	0	0
NHKG_16-1	NA	6	0	0	0
NHKG_9-4	NA	2	0	0	0
NMS373_SAM136	NA	6	0	0	0
PET0301	NA	24	0.041666666666666664	0.08333333333333333	0
PET0302	NA	18	0	0	0
PET0303	NA	22	0.09090909090909091	0	0
PET0304	NA	16	0	0	0
PET0305	NA	28	0.07142857142857142	0	0
PET0306	NA	22	0.09090909090909091	0	0
PET0307	NA	22	0	0	0
PET0308	NA	28	0.07142857142857142	0	0
PET0309N	NA	26	0.07692307692307693	0	0
PET0310	NA	14	0.07142857142857142	0.14285714285714285	0
PET0311	NA	28	0.03571428571428571	0.07142857142857142	0
PET0312	NA	22	0	0	0
PET0313	NA	22	0.045454545454545456	0.09090909090909091	0
PET0314	NA	20	0	0	0
PET0315	NA	32	0	0	0
PET0316	NA	24	0.08333333333333333	0	0
PET0317	NA	22	0	0	0
PET0318	NA	22	0	0	0
PET0319	NA	24	0	0	0
PET0320	NA	18	0	0	0
PET0321	NA	26	0.07692307692307693	0	0
PET0322	NA	24	0.041666666666666664	0.08333333333333333	0
PET0323	NA	18	0	0	0
PET0324	NA	22	0	0	0
PET0325	NA	22	0	0	0
PET0326	NA	16	0	0	0
PET0327	NA	20	0.05	0.1	0
PET0328	NA	30	0.06666666666666667	0	0
PET0329	NA	24	0.08333333333333333	0	0
PET0330	NA	28	0.07142857142857142	0	0
PET0331	NA	24	0.08333333333333333	0	0
PET0332	NA	18	0	0	0
PET0333	NA	26	0	0	0
PET0334	NA	26	0	0	0
PET0335	NA	30	0.03333333333333333	0.06666666666666667	0
PET0336	NA	20	0	0	0
PET0337	NA	26	0	0	0
PET0338	NA	22	0.09090909090909091	0	0
PET0339	NA	22	0.13636363636363635	0.09090909090909091	0
PET0340	NA	24	0.08333333333333333	0	0
PET0341	NA	22	0.09090909090909091	0	0
PET0342	NA	20	0.05	0.1	0
PET0343	NA	22	0.09090909090909091	0	0
PET0344	NA	28	0.03571428571428571	0.07142857142857142	0
PET0345	NA	26	0	0	0
PET0346	NA	14	0.14285714285714285	0	0
PET0347	NA	20	0.05	0.1	0
PET0348	NA	20	0	0	0
PET0349	NA	22	0	0	0
PET0350	NA	20	0	0	0
PET0351	NA	14	0	0	0
PET0352	NA	22	0.045454545454545456	0.09090909090909091	0
PET0353	NA	18	0	0	0
PET0354	NA	20	0.1	0	0
PET0355	NA	26	0	0	0
PET0356	NA	22	0	0	0
PET0357	NA	30	0	0	0
PET0358	NA	18	0	0	0
PET0359	NA	24	0	0	0
PET0360	NA	34	0.058823529411764705	0.11764705882352941	0
PET0361N	NA	16	0	0	0
PET0362	NA	30	0	0	0
PET0363	NA	24	0	0	0
PET0364	NA	24	0.041666666666666664	0.08333333333333333	0
PET0365	NA	24	0.041666666666666664	0.08333333333333333	0
PET0366	NA	26	0	0	0
PET0367	NA	24	0	0	0
PET0368	NA	28	0.07142857142857142	0	0
PET0369	NA	22	0.045454545454545456	0.09090909090909091	0
PET0370	NA	24	0	0	0
PET0371	NA	24	0.08333333333333333	0	0
PET0372	NA	34	0.058823529411764705	0	0
PET0373	NA	10	0.2	0	0
PET0374	NA	18	0.1111111111111111	0	0
PET0375	NA	22	0.09090909090909091	0	0
PET0376	NA	22	0.09090909090909091	0	0
PET0377	NA	14	0	0	0
PET0378	NA	28	0.07142857142857142	0	0
PET0379	NA	20	0	0	0
PET0380	NA	26	0	0	0
PET0381	NA	26	0.038461538461538464	0.07692307692307693	0
PET0382	NA	30	0	0	0
PET0383	NA	26	0	0	0
PET0384	NA	26	0.07692307692307693	0	0
PET0385	NA	24	0.08333333333333333	0	0
PET0386	NA	24	0	0	0
PET0387	NA	14	0	0	0
PET0388	NA	22	0	0	0
PET0391N	NA	28	0	0	0
PET0392N	NA	20	0	0	0
PET0393	NA	28	0	0	0
PET0394	NA	30	0.03333333333333333	0.06666666666666667	0
PET0395	NA	16	0	0	0
PET0396	NA	14	0	0	0
PET0397	NA	24	0	0	0
PET0398	NA	12	0	0	0
PET0399	NA	8	0	0	0
PET0400	NA	18	0.05555555555555555	0.1111111111111111	0
PET0401	NA	28	0.03571428571428571	0.07142857142857142	0
PET0402	NA	28	0.03571428571428571	0.07142857142857142	0
PET0403	NA	24	0	0	0
PET0404	NA	16	0	0	0
PET0405	NA	20	0	0	0
PET0406	NA	28	0	0	0
PET0407	NA	24	0.08333333333333333	0	0
PET0409	NA	24	0	0	0
PET0410	NA	28	0.07142857142857142	0	0
PET0411	NA	18	0.8888888888888888	0.2222222222222222	2
PET0412	NA	20	0	0	0
PET0413	NA	22	0	0	0
PET0414	NA	16	0.0625	0.125	0
PET0415	NA	26	0	0	0
PET0416	NA	30	0	0	0
PET0417	NA	22	0	0	0
PET0418	NA	24	0	0	0
PET0419	NA	26	0	0	0
PET0420	NA	22	0.045454545454545456	0.09090909090909091	0
PET0421	NA	22	0.045454545454545456	0.09090909090909091	0
PET0422	NA	28	0	0	0
PET0423	NA	20	0	0	0
PET0424	NA	22	0	0	0
PET0425	NA	24	0	0	0
PET0426	NA	26	0	0	0
PET0427	NA	32	0.03125	0.0625	0
PET0428	NA	32	0	0	0
PET0429	NA	24	0	0	0
PET0430	NA	20	0	0	0
PET0431	NA	22	0	0	0
PET0432	NA	20	0.05	0.1	0
PET0433	NA	18	0	0	0
PET0434	NA	22	0	0	0
PET0435	NA	24	0	0	0
PET0436	NA	24	0.041666666666666664	0.08333333333333333	0
PET0437	NA	20	0	0	0
PET0438	NA	20	0.1	0	0
PET0439	NA	10	0	0	0
PET0440	NA	20	0	0	0
PET0441	NA	20	0.1	0	0
PET0442	NA	24	0	0	0
PET0443	NA	22	0	0	0
PET0444	NA	18	0	0	0
PET0445	NA	26	0	0	0
PET0446	NA	24	0	0	0
PET0447	NA	12	0	0	0
PET0448	NA	30	0.03333333333333333	0.06666666666666667	0
PET0449	NA	20	0	0	0
PET0450	NA	30	0.03333333333333333	0.06666666666666667	0
PET0451	NA	24	0.041666666666666664	0.08333333333333333	0
PET0452	NA	28	0.03571428571428571	0.07142857142857142	0
PET0453N	NA	20	0.1	0	0
PET0454N	NA	24	0.041666666666666664	0.08333333333333333	0
PET0455	NA	22	0	0	0
PET0456	NA	28	0	0	0
PET0457	NA	22	0.045454545454545456	0.09090909090909091	0
PET0458	NA	26	0.07692307692307693	0.15384615384615385	0
PET0459N	NA	16	0	0	0
PET0460N	NA	16	0	0	0
PET0461	NA	32	0	0	0
PET0462	NA	24	0	0	0
PET0463	NA	20	0.1	0	0
PET0464	NA	26	0	0	0
PET0465	NA	22	0	0	0
PET0466	NA	16	0	0	0
PET0467	NA	22	0	0	0
PET0468	NA	20	0	0	0
PET0469	NA	16	0	0	0
PET0470	NA	24	0	0	0
PET0471	NA	28	0.07142857142857142	0	0
PET0472	NA	18	0	0	0
PET0473N	NA	26	0	0	0
PET0474N	NA	24	0	0	0
PET0475	NA	22	0.045454545454545456	0.09090909090909091	0
PET0476	NA	18	0	0	0
PET0477	NA	26	0	0	0
PET0478	NA	30	0.06666666666666667	0	0
PET0479	NA	26	0.07692307692307693	0.15384615384615385	0
PET0480	NA	30	0.06666666666666667	0	0
PET0481	NA	20	0.1	0	0
PET0482	NA	24	0.08333333333333333	0	0
PET0483	NA	26	0.07692307692307693	0	0
PET0484	NA	18	0	0	0
PET0485	NA	32	0.0625	0	0
PET0486	NA	18	0	0	0
PET0487	NA	22	0	0	0
PET0488	NA	32	0.03125	0.0625	0
PET0489	NA	28	0.03571428571428571	0.07142857142857142	0
PET0490	NA	24	0.08333333333333333	0	0
PET0491	NA	20	0	0	0
PET0492	NA	26	0	0	0
PET0493	NA	28	0	0	0
PET0494	NA	22	0	0	0
PET0495	NA	16	0	0	0
PET0496	NA	8	0	0	0
PET0497	NA	28	0.07142857142857142	0.14285714285714285	0
PET0498	NA	34	0.029411764705882353	0.058823529411764705	0
PET0499	NA	24	0.041666666666666664	0.08333333333333333	0
PET0500	NA	20	0	0	0
PET0501	NA	14	0	0	0
PET0502	NA	22	0.09090909090909091	0	0
PET0503	NA	30	0.03333333333333333	0.06666666666666667	0
PET0504	NA	22	0.09090909090909091	0	0
PET0505	NA	22	0.09090909090909091	0	0
PET0506	NA	30	0	0	0
PET0507	NA	20	0	0	0
PET0508	NA	30	0.06666666666666667	0	0
PET0509	NA	14	0	0	0
PET0510	NA	20	0.05	0.1	0
PET0511	NA	24	0	0	0
PET0512	NA	28	0	0	0
PET0513	NA	22	0	0	0
PET0514	NA	22	0	0	0
PET0515	NA	24	0.08333333333333333	0	0
PET0516	NA	28	0.07142857142857142	0	0
PET0517	NA	20	0.05	0.1	0
PET0518	NA	18	0	0	0
PET0519	NA	28	0.03571428571428571	0.07142857142857142	0
PET0520	NA	26	0.07692307692307693	0	0
PET0521	NA	28	0	0	0
PET0522	NA	30	0.06666666666666667	0	0
PET0523	NA	22	0	0	0
PET0524	NA	22	0.045454545454545456	0.09090909090909091	0
PET0525	NA	32	0	0	0
PET0526	NA	26	0	0	0
PET0527	NA	24	0	0	0
PET0528	NA	20	0	0	0
PET0529	NA	30	0	0	0
PET0530	NA	28	0.03571428571428571	0.07142857142857142	0
PET0531	NA	30	0.03333333333333333	0.06666666666666667	0
PET0532	NA	20	0	0	0
PET0534N	NA	20	0	0	0
PET0535	NA	20	0.05	0.1	0
PET0536	NA	18	0.1111111111111111	0	0
PET0537	NA	30	0.03333333333333333	0.06666666666666667	0
PET0538	NA	26	0.07692307692307693	0	0
PET0539	NA	14	0	0	0
PET0540	NA	20	0	0	0
PET0541N	NA	16	0	0	0
PET0542N	NA	18	0.1111111111111111	0	0
PET0543	NA	22	0.045454545454545456	0.09090909090909091	0
PET0544	NA	26	0.038461538461538464	0.07692307692307693	0
PET0545	NA	30	0.06666666666666667	0	0
PET0546	NA	24	0	0	0
PET0547	NA	30	0.06666666666666667	0	0
PET0548	NA	22	0.09090909090909091	0.18181818181818182	0
PET0549	NA	14	0	0	0
PET0550	NA	26	0.07692307692307693	0	0
PET0552	NA	28	0.07142857142857142	0	0
PET0553	NA	28	0.07142857142857142	0	0
PET0554	NA	26	0	0	0
PET0555	NA	24	0.041666666666666664	0.08333333333333333	0
PET0556	NA	20	0.1	0	0
PET0557	NA	14	0	0	0
PET0558	NA	22	0.09090909090909091	0	0
PET0559	NA	20	0	0	0
PET0560	NA	24	0.08333333333333333	0	0
PET0561	NA	32	0.0625	0	0
PET0562	NA	20	0.1	0	0
PET0563	NA	26	0.07692307692307693	0	0
PET0564	NA	24	0.08333333333333333	0	0
PET0565	NA	26	0.07692307692307693	0	0
PET0566	NA	22	0	0	0
PET0567	NA	26	0.38461538461538464	0.6153846153846154	1
PET0568	NA	26	0	0	0
PET0569N	NA	24	0.08333333333333333	0	0
PET0570	NA	22	0	0	0
PET0571	NA	18	0	0	0
PET0572	NA	22	0.045454545454545456	0.09090909090909091	0
PET0573	NA	14	0	0	0
PET0574	NA	24	0.041666666666666664	0.08333333333333333	0
PET0575	NA	14	0	0	0
PET0576	NA	22	0	0	0
PET0577	NA	22	0	0	0
PET0578	NA	24	0	0	0
PET0579	NA	22	0.09090909090909091	0.18181818181818182	0
PET0580	NA	26	0.038461538461538464	0.07692307692307693	0
PET0581	NA	20	0	0	0
PET0582	NA	18	0	0	0
PET0583	NA	26	0	0	0
PET0584	NA	22	0	0	0
PET0585	NA	24	0	0	0
PET0586	NA	26	0.07692307692307693	0	0
PET0587	NA	18	0	0	0
PET0588	NA	28	0.03571428571428571	0.07142857142857142	0
PET0589	NA	20	0	0	0
PET0590	NA	28	0	0	0
PET0591	NA	26	0.07692307692307693	0	0
PET0592	NA	22	0.045454545454545456	0.09090909090909091	0
PET0593	NA	26	0	0	0
PET0594	NA	24	0.041666666666666664	0.08333333333333333	0
PET0595	NA	26	0.038461538461538464	0.07692307692307693	0
PET0596	NA	24	0	0	0
PET0597	NA	26	0	0	0
PET0598	NA	20	0.05	0.1	0
PET0599	NA	16	0	0	0
PET0600	NA	18	0	0	0
PET0601	NA	20	0	0	0
PET0602	NA	22	0	0	0
PET0603	NA	24	0.041666666666666664	0.08333333333333333	0
PET0604	NA	26	0	0	0
PET0605	NA	28	0.07142857142857142	0	0
PET0606	NA	10	0.1	0.2	0
PET0607	NA	20	0	0	0
PET0609	NA	22	0.09090909090909091	0	0
PET0610	NA	26	0	0	0
PET0611	NA	26	0	0	0
PET0612	NA	20	0.1	0	0
PET0613	NA	24	0	0	0
PET0614	NA	24	0.08333333333333333	0	0
PET0615	NA	28	0.07142857142857142	0	0
PET0616	NA	22	0.045454545454545456	0.09090909090909091	0
PET0617	NA	22	0	0	0
PET0618	NA	18	0.05555555555555555	0.1111111111111111	0
PET0619	NA	26	0.038461538461538464	0.07692307692307693	0
PET0620	NA	14	0	0	0
PET0621	NA	26	0.07692307692307693	0.15384615384615385	0
PET0622	NA	22	0.045454545454545456	0.09090909090909091	0
PET0623	NA	20	0.05	0.1	0
PET0624	NA	26	0.07692307692307693	0	0
PET0625	NA	22	0	0	0
PET0626	NA	20	0	0	0
PET0627	NA	14	0.14285714285714285	0	0
PET0629	NA	16	0.125	0	0
PET0630	NA	12	0	0	0
PET0631	NA	24	0	0	0
PET0632	NA	18	0.1111111111111111	0	0
PET0633	NA	16	0	0	0
PET0634	NA	18	0	0	0
PET0635	NA	12	0	0	0
PET0636	NA	26	0.07692307692307693	0	0
PET0637	NA	16	0	0	0
PET0638	NA	18	0.1111111111111111	0	0
PET0639	NA	20	0	0	0
PET0640	NA	18	0.05555555555555555	0.1111111111111111	0
PET0641	NA	24	0.041666666666666664	0.08333333333333333	0
PET0642	NA	10	0	0	0
PET0643	NA	20	0.1	0	0
PET0644	NA	18	0	0	0
PET0645	NA	30	0	0	0
PET0646	NA	28	0	0	0
PET0647	NA	20	0.1	0	0
PET0718	NA	26	0	0	0
PET0719	NA	26	0.07692307692307693	0	0
PET0720	NA	30	0.03333333333333333	0.06666666666666667	0
PET0721	NA	26	0.07692307692307693	0	0
PET0722	NA	26	0.07692307692307693	0	0
PET0723	NA	32	0	0	0
PET0724	NA	22	0.18181818181818182	0	0
PET0725	NA	26	0	0	0
PET0726	NA	18	0	0	0
PET0727	NA	18	0	0	0
PET0748	NA	26	0.038461538461538464	0.07692307692307693	0
PET0749N	NA	16	0	0	0
PET0750	NA	18	0	0	0
PET0751	NA	22	0.09090909090909091	0	0
PET0752	NA	24	0	0	0
PET0753	NA	28	0.07142857142857142	0	0
PET0754	NA	20	0.1	0	0
PET0755N	NA	26	0.07692307692307693	0	0
PET0756N	NA	26	0.07692307692307693	0	0
PET0757	NA	24	0	0	0
PET0758	NA	30	0.03333333333333333	0.06666666666666667	0
PET0759	NA	20	0	0	0
PET0760	NA	22	0.09090909090909091	0	0
PET0761	NA	16	0	0	0
PET0762	NA	24	0	0	0
PET0763	NA	6	0	0	0
PET0764	NA	26	0.07692307692307693	0	0
PET0765	NA	26	0	0	0
PET0766	NA	20	0.05	0.1	0
PET0767	NA	28	0	0	0
PET0768	NA	22	0.09090909090909091	0.18181818181818182	0
PET0769	NA	20	0.05	0.1	0
PET0770	NA	16	0	0	0
PET0773N	NA	18	0.1111111111111111	0	0
PET0774N	NA	18	0	0	0
PET0775	NA	18	0.05555555555555555	0.1111111111111111	0
PET0776	NA	24	0	0	0
PET0777	NA	18	0.1111111111111111	0	0
PET0778	NA	24	0	0	0
PET0779N	NA	12	0	0	0
PET0780N	NA	18	0.1111111111111111	0	0
PET0781	NA	24	0	0	0
PET0782	NA	18	0	0	0
PET0783	NA	26	0	0	0
PET0784	NA	28	0	0	0
PET0785	NA	16	0	0	0
PET0786	NA	18	0.05555555555555555	0.1111111111111111	0
PET0787	NA	26	0	0	0
PET0788	NA	22	0.09090909090909091	0	0
PET0789	NA	18	0	0	0
PET0790	NA	20	0.05	0.1	0
PET0791	NA	22	0	0	0
PET0792	NA	26	0	0	0
PET0793	NA	22	0	0	0
PET0794	NA	26	0.038461538461538464	0.07692307692307693	0
PET0795	NA	26	0.038461538461538464	0.07692307692307693	0
PET0796	NA	26	0.038461538461538464	0.07692307692307693	0
PET0797	NA	28	0.03571428571428571	0.07142857142857142	0
PET0798	NA	14	0.14285714285714285	0	0
PET0799	NA	26	0	0	0
PET0800	NA	24	0	0	0
pet09-ncNE	NA	4	0	0	0
pet14-ncTX	NA	2	0	0	0
PI_531071	NA	32	0	0	0
pra04-scTX	NA	2	0	0	0
pra05-scTX	NA	2	0	0	0
pra06-seTX	NA	2	0	0	0
Pueblo	NA	32	0.0625	0	0
Q004B_SD1A-1	NA	34	0.029411764705882353	0.058823529411764705	0
Q017B_KS2W-6_1R	NA	30	0.03333333333333333	0.06666666666666667	0
Q021B_IA1W-2	NA	32	0	0	0
Q027_SD1A-4	NA	22	0.045454545454545456	0.09090909090909091	0
Q029B_SD1A38	NA	26	0	0	0
Q036B_KS1W-19	NA	24	0.041666666666666664	0.08333333333333333	0
Q038_KS1A-25R	NA	34	0	0	0
Q041_KS1W-24	NA	32	0	0	0
Q042_KS1W-35	NA	36	0	0	0
Q046_KS2W-24	NA	32	0	0	0
Q052B-KS2W-15	NA	36	0	0	0
Q053B_IA1A-4_2	NA	24	0	0	0
Q074_IA1A-11B	NA	26	0	0	0
Q075_IA1W-1	NA	20	0	0	0
Q076_IA1W-11	NA	24	0.041666666666666664	0.08333333333333333	0
Q076C_SD2W-23	NA	28	0.07142857142857142	0	0
Q077_IA1W-21	NA	36	0	0	0
Q079_KS1A-15	NA	34	0.029411764705882353	0.058823529411764705	0
Q080_KS1A-36	NA	36	0.027777777777777776	0.05555555555555555	0
Q081_KS2A-6	NA	28	0.07142857142857142	0	0
Q082_KS2A-14	NA	34	0	0	0
Q083_KS2W-14	NA	22	0	0	0
Q084_KS2W-32	NA	34	0	0	0
Q086_MB1W-40	NA	28	0	0	0
Q088_MK4-4	NA	28	0	0	0
Q089_MK4-4R	NA	22	0.045454545454545456	0.09090909090909091	0
Q090_MK4-5	NA	34	0	0	0
Q091_MK4-13R	NA	28	0	0	0
Q092_MK4-19	NA	28	0	0	0
Q093_MK7-13	NA	36	0	0	0
Q094_ND1W-38	NA	28	0	0	0
Q095_P-16	NA	22	0	0	0
Q095B_SD2A-27	NA	14	0.07142857142857142	0.14285714285714285	0
Q096_SD1A-40	NA	18	0.05555555555555555	0.1111111111111111	0
Q097_SD1W-6	NA	28	0	0	0
Q098_SD1W-14	NA	14	0	0	0
Q098B_SK1A-36	NA	20	0	0	0
Q099_SD1W-21B	NA	20	0.1	0	0
Q100_SD2W-23R	NA	18	0	0	0
Q101_SK1A-17A	NA	18	0	0	0
Q114B_MO1A-18	NA	20	0.1	0	0
Q117B_SD2A-18	NA	22	0.09090909090909091	0	0
Q144C_ND1W-31	NA	10	0	0	0
Q166B_ND1W-25	NA	22	0.09090909090909091	0	0
Q18B_Man-7	NA	12	0	0	0
Q23_P-015	NA	6	0.16666666666666666	0.3333333333333333	0
Q24_P-046	NA	14	0	0	0
Q25_P-076	NA	6	0	0	0
Q33_IA1W-28	NA	8	0	0	0
Q35_IA2A-7	NA	8	0	0	0
Q68_P-014	NA	26	0	0	0
Q87_MK3-2	NA	22	0	0	0
QPA2_KS2W-8	NA	36	0.05555555555555555	0	0
QPA3_SK1A-22	NA	32	0.03125	0.0625	0
QPB3_IA2W-7	NA	34	0.029411764705882353	0.058823529411764705	0
QPB4_IA2A-9	NA	30	0.03333333333333333	0.06666666666666667	0
QPC1_SK1W-37	NA	26	0.038461538461538464	0.07692307692307693	0
QPC2_IA2W-6	NA	8	0	0	0
QPC4_IA2A-4	NA	32	0.03125	0.0625	0
QPD2_KS1W-32	NA	34	0	0	0
QPD5_MK4-9	NA	28	0.03571428571428571	0.07142857142857142	0
QPE2_KS1W-26	NA	20	0	0	0
QPE5_KS1A-28	NA	32	0	0	0
QPF4_KS1W-9	NA	34	0	0	0
QPG1_SD1W-15	NA	32	0	0	0
QPG4_KS2W-35	NA	32	0	0	0
QPH4_SD1W-13	NA	36	0.027777777777777776	0.05555555555555555	0
R1_SBF_2013_15	NA	8	0	0	0
R11_SBF_2013_49	NA	6	0	0	0
R16_NHKG_2013_22	NA	6	0	0	0
R18_NHKG_2013_1-R-2	NA	8	0	0	0
R21_NHKG_2013_2-R-6B	NA	2	0	0	0
R22_NHKG_2013_2-R-7	NA	2	0	0	0
R23_NHKG_2013_2-R-10	NA	4	0	0	0
R25_NHKG_2013_4-R-4	NA	8	0	0	0
R29_NHKG_2013_4-R-26	NA	6	0.16666666666666666	0.3333333333333333	0
R3_SBF_2013_21	NA	2	0	0	0
R32_HK24_2013_1-R-6	NA	4	0	0	0
R36_HK24_2013_30	NA	2	0	0	0
R38_HK24_2013_61	NA	6	0	0	0
R39_NHKE2_2013_1-R-4	NA	4	0	0	0
R4_SBF_2013_24	NA	2	0	0	0
R42_NHKE4_2013_1-R-8	NA	4	0	0	0
R46_NHKE4_2013_5	NA	8	0	0	0
SAM001	NA	34	0.058823529411764705	0	0
SAM002	NA	28	0.07142857142857142	0	0
SAM003	NA	36	0.05555555555555555	0	0
SAM004	NA	26	0.07692307692307693	0	0
SAM005	NA	10	0	0	0
SAM006	NA	10	0	0	0
SAM007	NA	20	0	0	0
SAM008	NA	28	0.07142857142857142	0	0
SAM009	NA	30	0.06666666666666667	0	0
SAM010	NA	36	0	0	0
SAM011	NA	36	0.05555555555555555	0	0
SAM012	NA	30	0	0	0
SAM013	NA	8	0	0	0
SAM014	NA	32	0	0	0
SAM015	NA	4	0	0	0
SAM016	NA	22	0	0	0
SAM017	NA	20	0	0	0
SAM018	NA	22	0	0	0
SAM019	NA	20	0	0	0
SAM020	NA	36	0.05555555555555555	0	0
SAM021	NA	36	0.05555555555555555	0	0
SAM022	NA	12	0	0	0
SAM023	NA	34	0	0	0
SAM024	NA	30	0	0	0
SAM025	NA	10	0	0	0
SAM026	NA	26	0.07692307692307693	0	0
SAM027	NA	36	0.05555555555555555	0	0
SAM028	NA	18	0.05555555555555555	0.1111111111111111	0
SAM029	NA	24	0.08333333333333333	0	0
SAM030	NA	16	0	0	0
SAM031	NA	26	0	0	0
SAM032	NA	28	0	0	0
SAM033	NA	30	0	0	0
SAM034	NA	36	0	0	0
SAM035	NA	32	0.0625	0	0
SAM036	NA	30	0	0	0
SAM037	NA	22	0.09090909090909091	0	0
SAM039	NA	36	0.05555555555555555	0	0
SAM040	NA	22	0	0	0
SAM041	NA	28	0	0	0
SAM042	NA	20	0	0	0
SAM043	NA	14	0	0	0
SAM044	NA	20	0.1	0	0
SAM045	NA	26	0	0	0
SAM046	NA	30	0.06666666666666667	0	0
SAM047	NA	22	0	0	0
SAM048	NA	18	0.1111111111111111	0	0
SAM049	NA	12	0	0	0
SAM050	NA	24	0.08333333333333333	0	0
SAM051	NA	20	0	0	0
SAM052	NA	32	0	0	0
SAM053	NA	34	0	0	0
SAM054	NA	36	0	0	0
SAM055	NA	22	0	0	0
SAM056	NA	20	0	0	0
SAM057	NA	28	0	0	0
SAM058	NA	26	0	0	0
SAM059	NA	24	0	0	0
SAM060	NA	36	0	0	0
SAM061	NA	26	0.07692307692307693	0	0
SAM062	NA	36	0.05555555555555555	0	0
SAM063	NA	36	0.05555555555555555	0	0
SAM064	NA	28	0.07142857142857142	0	0
SAM065	NA	20	0	0	0
SAM066	NA	12	0	0	0
SAM067	NA	30	0	0	0
SAM068	NA	28	0	0	0
SAM069	NA	36	0.05555555555555555	0	0
SAM070	NA	36	0.05555555555555555	0	0
SAM071	NA	36	0.027777777777777776	0.05555555555555555	0
SAM072	NA	10	0	0	0
SAM073	NA	22	0	0	0
SAM074	NA	34	0.058823529411764705	0	0
SAM075	NA	22	0	0	0
SAM076	NA	24	0.08333333333333333	0	0
SAM077	NA	18	0	0	0
SAM078	NA	24	0	0	0
SAM079	NA	32	0.0625	0	0
SAM080	NA	30	0	0	0
SAM081	NA	14	0	0	0
SAM082	NA	30	0.06666666666666667	0	0
SAM083	NA	14	0	0	0
SAM084	NA	16	0.125	0	0
SAM086	NA	32	0	0	0
SAM087	NA	30	0.06666666666666667	0	0
SAM088	NA	28	0.07142857142857142	0	0
SAM089	NA	20	0	0	0
SAM090	NA	20	0	0	0
SAM091	NA	36	0.05555555555555555	0	0
SAM092	NA	26	0	0	0
SAM093	NA	36	0.05555555555555555	0	0
SAM094	NA	32	0.03125	0.0625	0
SAM095	NA	34	0	0	0
SAM096	NA	36	0	0	0
SAM097	NA	32	0.0625	0	0
SAM098	NA	24	0	0	0
SAM099	NA	28	0	0	0
SAM100	NA	22	0	0	0
SAM101	NA	32	0	0	0
SAM102	NA	32	0	0	0
SAM103	NA	16	0	0	0
SAM104	NA	26	0.07692307692307693	0	0
SAM105	NA	24	0.08333333333333333	0	0
SAM106	NA	30	0	0	0
SAM107	NA	34	0	0	0
SAM108	NA	22	0	0	0
SAM109	NA	30	0	0	0
SAM110	NA	26	0	0	0
SAM111	NA	36	0.05555555555555555	0	0
SAM112	NA	28	0.07142857142857142	0	0
SAM113	NA	36	0.05555555555555555	0	0
SAM114	NA	18	0	0	0
SAM115	NA	18	0	0	0
SAM116	NA	30	0.06666666666666667	0	0
SAM117	NA	12	0	0	0
SAM118	NA	32	0	0	0
SAM119	NA	10	0	0	0
SAM120	NA	32	0	0	0
SAM121	NA	8	0	0	0
SAM122	NA	14	0	0	0
SAM123	NA	28	0.07142857142857142	0	0
SAM124	NA	28	0.07142857142857142	0	0
SAM125	NA	20	0.05	0.1	0
SAM126	NA	26	0	0	0
SAM127	NA	32	0.0625	0	0
SAM128	NA	16	0	0	0
SAM129	NA	24	0	0	0
SAM130	NA	32	0.0625	0	0
SAM131	NA	26	0	0	0
SAM132	NA	26	0	0	0
SAM133	NA	36	0.05555555555555555	0	0
SAM134	NA	20	0.1	0	0
SAM135	NA	10	0	0	0
SAM136	NA	12	0	0	0
SAM137	NA	18	0	0	0
SAM138	NA	36	0.05555555555555555	0	0
SAM139	NA	36	0.05555555555555555	0	0
SAM140	NA	32	0.0625	0	0
SAM141	NA	26	0.07692307692307693	0	0
SAM142	NA	26	0	0	0
SAM143	NA	18	0	0	0
SAM144	NA	22	0	0	0
SAM145	NA	20	0	0	0
SAM146	NA	28	0	0	0
SAM147	NA	30	0	0	0
SAM148	NA	14	0	0	0
SAM149	NA	20	0	0	0
SAM150	NA	24	0.08333333333333333	0	0
SAM151	NA	34	0.058823529411764705	0	0
SAM152	NA	12	0	0	0
SAM153	NA	36	0.05555555555555555	0	0
SAM154	NA	28	0	0	0
SAM155	NA	30	0	0	0
SAM156	NA	24	0	0	0
SAM157	NA	26	0	0	0
SAM158	NA	30	0.06666666666666667	0	0
SAM159	NA	26	0	0	0
SAM160	NA	26	0	0	0
SAM161	NA	30	0	0	0
SAM162	NA	28	0	0	0
SAM163	NA	36	0.05555555555555555	0	0
SAM164	NA	20	0	0	0
SAM165	NA	34	0	0	0
SAM166	NA	34	0	0	0
SAM167	NA	34	0	0	0
SAM168	NA	24	0	0	0
SAM169	NA	34	0	0	0
SAM170	NA	32	0.0625	0	0
SAM171	NA	16	0	0	0
SAM172	NA	36	0.05555555555555555	0	0
SAM173	NA	20	0	0	0
SAM174	NA	6	0	0	0
SAM175	NA	30	0.03333333333333333	0.06666666666666667	0
SAM176	NA	32	0	0	0
SAM177	NA	30	0.06666666666666667	0	0
SAM178	NA	20	0	0	0
SAM179	NA	34	0	0	0
SAM180	NA	20	0	0	0
SAM181	NA	24	0	0	0
SAM182	NA	36	0.05555555555555555	0	0
SAM183	NA	32	0	0	0
SAM184	NA	36	0	0	0
SAM185	NA	36	0.05555555555555555	0	0
SAM186	NA	22	0	0	0
SAM187	NA	14	0	0	0
SAM188	NA	20	0	0	0
SAM189	NA	24	0.08333333333333333	0	0
SAM190	NA	14	0	0	0
SAM191	NA	36	0	0	0
SAM192	NA	18	0	0	0
SAM193	NA	30	0	0	0
SAM194	NA	34	0.058823529411764705	0	0
SAM195	NA	20	0	0	0
SAM196	NA	18	0.1111111111111111	0	0
SAM197	NA	32	0	0	0
SAM198	NA	20	0	0	0
SAM199	NA	20	0	0	0
SAM200	NA	32	0.03125	0.0625	0
SAM201	NA	30	0	0	0
SAM202	NA	36	0	0	0
SAM203	NA	34	0	0	0
SAM204	NA	24	0	0	0
SAM205	NA	22	0	0	0
SAM206	NA	30	0	0	0
SAM207	NA	18	0	0	0
SAM208	NA	16	0	0	0
SAM209	NA	32	0.0625	0	0
SAM210	NA	26	0	0	0
SAM211	NA	24	0	0	0
SAM212	NA	30	0	0	0
SAM213	NA	20	0	0	0
SAM214	NA	28	0	0	0
SAM215	NA	34	0	0	0
SAM216	NA	28	0.07142857142857142	0	0
SAM217	NA	28	0	0	0
SAM218	NA	36	0	0	0
SAM219	NA	36	0.05555555555555555	0	0
SAM220	NA	22	0	0	0
SAM221	NA	32	0.0625	0	0
SAM222	NA	28	0.03571428571428571	0.07142857142857142	0
SAM223	NA	16	0	0	0
SAM224	NA	24	0	0	0
SAM225	NA	28	0	0	0
SAM226	NA	36	0.05555555555555555	0	0
SAM227	NA	36	0	0	0
SAM228	NA	22	0	0	0
SAM229	NA	30	0.06666666666666667	0	0
SAM230	NA	22	0	0	0
SAM231	NA	36	0.05555555555555555	0	0
SAM232	NA	34	0	0	0
SAM233	NA	36	0.05555555555555555	0	0
SAM234	NA	32	0.0625	0	0
SAM235	NA	24	0	0	0
SAM236	NA	32	0.0625	0	0
SAM237	NA	36	0	0	0
SAM238	NA	30	0	0	0
SAM239	NA	18	0	0	0
SAM240	NA	36	0.05555555555555555	0	0
SAM241	NA	22	0.09090909090909091	0	0
SAM242	NA	36	0	0	0
SAM243	NA	24	0.08333333333333333	0	0
SAM244	NA	32	0	0	0
SAM245	NA	22	0	0	0
SAM246	NA	32	0.0625	0	0
SAM247	NA	34	0	0	0
SAM248	NA	22	0	0	0
SAM249	NA	28	0	0	0
SAM250	NA	10	0	0	0
SAM251	NA	14	0	0	0
SAM252	NA	26	0.07692307692307693	0	0
SAM253	NA	28	0	0	0
SAM254	NA	20	0	0	0
SAM255	NA	36	0.05555555555555555	0	0
SAM256	NA	36	0	0	0
SAM257	NA	36	0.05555555555555555	0	0
SAM258	NA	22	0	0	0
SAM259	NA	18	0	0	0
SAM260	NA	26	0	0	0
SAM261	NA	34	0.029411764705882353	0.058823529411764705	0
SAM262	NA	36	0.027777777777777776	0.05555555555555555	0
SAM263	NA	20	0	0	0
SAM264	NA	36	0.05555555555555555	0	0
SAM265	NA	24	0.08333333333333333	0	0
SAM266	NA	14	0	0	0
SAM267	NA	32	0	0	0
SAM268	NA	28	0.07142857142857142	0	0
SAM269	NA	4	0	0	0
SAM270	NA	14	0.14285714285714285	0	0
SAM271	NA	14	0	0	0
SAM273	NA	26	0.07692307692307693	0	0
SAM274	NA	34	0	0	0
SAM275	NA	32	0.0625	0	0
SAM276	NA	32	0	0	0
SAM277	NA	28	0.03571428571428571	0.07142857142857142	0
SAM278	NA	10	0	0	0
SAM279	NA	32	0.0625	0	0
SAM280	NA	34	0	0	0
SAM281	NA	34	0	0	0
SAM282	NA	36	0.05555555555555555	0	0
SAM283	NA	34	0	0	0
SAM284	NA	20	0.1	0	0
SAM285	NA	24	0	0	0
SAM286	NA	14	0	0	0
SAM287	NA	32	0	0	0
SAM288	NA	34	0	0	0
SAM289	NA	32	0.0625	0	0
SBF2_2013_17	NA	4	0	0	0
SBF2_2013_20	NA	6	0	0	0
SBF2_2013_6	NA	6	0	0	0
Seneca	NA	26	0.038461538461538464	0.07692307692307693	0
SF_33	NA	36	0.05555555555555555	0	0
W50_NHKG_2013_1-W-6B	NA	6	0	0	0
W51_NHKG_2013_2-W-1	NA	2	0	0	0
W54_NHKG_2013_2-W-4A	NA	6	0	0	0
W55_NHKG_2013_2-W-6	NA	10	0	0	0
W58_NHKG_2013_4-W-8	NA	4	0	0	0
W59_NHKG_2013_4-W-13	NA	2	0	0	0
W62_HK24_2013_43	NA	4	0	0	0
W64_HK24_2013_79	NA	2	0	0	0
W65_HK24_2013_1-W-1	NA	8	0	0	0
W67_HK24_2013_1-W-5	NA	6	0	0	0
W68_NHKE4_2013_1-W-1	NA	8	0	0	0
W69_NHK_2013_3	NA	10	0	0	0
W70_NHK_2013_5	NA	12	0	0	0
W71_NHK_2013_8	NA	4	0	0	0
W81_SNM_2013_50	NA	4	0	0	0
W84_SNM_2013_72	NA	4	0	0	0
W91_SNM_2013_93	NA	2	0	0	0
Zuni	NA	26	0.07692307692307693	0	0
