name	PC1	PC2	PC3	PC4	PC5	PC6	PC7	PC8	PC9	PC10	PC11	PC12	PC13	PC14	PC15	PC16	PC17	PC18	PC19	PC20
PET0431	0.08145149069545547	-0.22128682479860895	0.16396231452986332	-0.00575365106152492	-0.03177552537938806	0.0027128913663907648	7.00310927029215e-5	-0.007162833608928273	5.264016155879253e-6	0.0027647331618529435	-0.005417583194328173	-4.70315271944804e-4	-0.007293890722046279	0.007270486188131522	0.0014777699542968439	-0.005096686988112189	0.008730941262835376	-0.004089267676284786	0.009907190130935188	2.571693970149771e-4
PET0432	0.07642002579473323	-0.22301920324658164	0.168683179935175	1.5153482219052578e-4	-0.027803178694346044	0.0048295268082585	9.498808237302568e-4	-0.00517908024557904	-0.0039455920531064545	0.006558268753934648	-0.0071264128167060625	-0.003163554719939033	-0.007686904915091742	0.005768959764744647	-0.0023578351542197797	0.003033773461503724	0.0021320077835646793	-0.007671077937742779	-0.00631239168078106	0.0019991144438176577
PET0433	0.08344571529510751	-0.2406713507667008	0.18263915972943473	-0.009313898118656457	-0.04628552464884008	0.008238882821714756	-0.003901966622395922	0.004846941513545077	0.016700821000851847	0.0044644631566486065	0.0065618749196658145	0.009961237138722538	-0.007833129280048886	-0.010670214489955749	0.007429808903390998	-0.002243727261416065	0.0018740261406465046	-0.0036845343994086686	0.0070892515100611465	-0.0077321587542072134
PET0434	0.0844525380975954	-0.23412157086677254	0.17832140847304603	-0.00565199465548242	-0.036569698125609784	0.011187266388882096	-0.0045065948821717645	0.009054082428846564	0.011770460019329595	0.006763337795618138	-0.0012596227967744127	0.005821373988000466	-0.005106039612083803	-0.007567329369192406	0.008991073396119768	-0.008345617087109526	2.8949682953701827e-4	0.0033561999479782027	3.7511774549611656e-4	-0.0010072764686971407
PET0435	0.08689439285428914	-0.2636436698401186	0.20003230688980722	-0.010486891346133804	-0.052720789835114835	0.013371894788315868	0.002793483460550968	0.006000504439478549	0.015686335770751975	-0.005398943585346252	0.008789887984931667	0.0063351256909435945	-0.008861057914913177	-0.0040164805901509735	0.004120223056665392	-1.755237329589294e-4	0.0015645242496668246	0.002605958090788381	0.019045671020263354	-0.017038502065723063
PET0436	0.08833308071490373	-0.26221465762794127	0.19605053969549874	-0.008812019184145987	-0.043544265424153385	0.012280115605447346	-0.0034696223732267623	-0.003073614669035102	0.005527797365041279	-0.01208781736152428	0.0033132025829915985	-0.005154702589183401	-0.004445006092056743	0.004579306863215328	2.8109102262374367e-4	-5.483778963329068e-4	0.006797962178406805	0.002390310355466694	0.013441901446840642	-0.00895226949306598
PET0437	0.08140582105227481	-0.2208508246671335	0.16208449173835682	-0.009559966380561067	-0.02612183938718958	0.007522545894485136	-0.007994021730179757	-0.004206219191546088	-0.007772146280096342	-0.008567429679261957	-0.006594921743240542	0.0033434588424446827	-0.0018216676710653612	0.0031338406325625485	0.010051671071571483	-0.010260837899514376	0.003204715515082165	0.005182411673031261	0.005568947411686709	0.01482098399145431
PET0438	0.08600513510753624	-0.2407702560260184	0.18705193130299919	-0.0031362470698287886	-0.04221444323693104	0.011720038144828287	-0.0039075067228978395	-0.004753966373498685	-0.010458689081161746	-0.007934861202311228	-0.013647947134264567	-0.017341792939229318	-7.301735573861353e-4	0.011968423097142104	-0.014103828611498762	0.005830144024880284	-0.01353511572739324	0.010126705048395294	-0.01619968359366595	0.015702296845775746
PET0439	0.06683421226317189	-0.1938439390978193	0.1394051674344275	-0.009758859366267103	-0.030393318696980202	0.005388107496523014	0.006248765348824459	-0.0069650470675648776	0.005553003135356127	-0.0058459956003966505	-0.008741975656827676	-0.014100392643261513	-0.00421727364331217	0.00363365350653406	-0.012468950360485702	0.0040140469409748235	4.750007142950345e-4	-0.0012269138585438114	-0.018246142311545605	0.012561613992381242
PET0440	0.08197629893291669	-0.22746423219066128	0.17316753994538595	-0.007958877206461228	-0.03964510656126434	0.014446284054630765	-0.006714098109638928	-0.008633222778187719	-0.008385472450483007	-0.002222550080708226	-0.016512771535564064	-0.01818817939610918	-6.634523961870538e-4	0.004188638034414376	-0.0039909841414361965	0.0010250313059096104	-0.011884589214138638	0.005628473303144827	-0.01824188677725772	0.007422123648019972
PET0441	0.13000468090438633	-0.0053090793673215946	-0.12461429343387706	-0.17716145205303205	-0.1130420208183829	-0.005134385991719516	1.0101606384351176e-4	0.0025216090832753052	0.0036543991593743115	0.011964299834700438	-2.596316698578466e-4	0.0031408215550337154	-0.006892890681266821	-0.0030899695038376063	-0.002953932448149149	-0.0023326544736412	-0.007171137672380301	-0.005731051144368472	-0.0027033859336494	-0.0021084279033120865
PET0442	0.1362284072312918	-0.008778887982761581	-0.13523071028114453	-0.20765648250405325	-0.14155680408735805	-0.010523537038137186	0.008055683479389501	-0.00271627858684453	-9.813747327767888e-4	0.007940716505036168	-0.0063367975373124245	-1.6364712502996625e-4	-0.0032293157670030374	-0.006441980459822413	-3.079657723669148e-4	-0.00702498525740425	0.0015718094848100918	-0.003481899265399991	0.004260161339623389	-0.008888298061369858
PET0443	0.13574282030462215	-5.024471360375194e-4	-0.1344669092643801	-0.19314296753788773	-0.1247617289697818	-0.006000959482640983	-0.001143149503921014	-0.0032044327143468565	-0.006381070136982219	-0.008669830772044753	-0.007579270782345293	-0.0038247283429096762	-0.007808608667636372	2.3243435953357268e-4	-0.0030482113237451413	-0.0011885378202260012	0.003509638275207609	0.0024177002117016398	4.872210026002295e-4	-0.003636719350289174
PET0444	0.14193200107235432	-0.0012813059550511059	-0.1429592637667514	-0.2010614547958643	-0.1287447605270701	-0.00916775323759887	0.0031012817379478664	-0.008723896947116469	-0.005655417954828492	-0.0012102416240391827	-0.013775854877869484	-1.0358910436728502e-4	-0.005844577219258603	-2.6847304203631646e-4	-2.89633439148727e-4	0.008660878513461114	-1.693871433529693e-4	0.01354442285474712	-0.002045706449044698	0.0036437757226176013
PET0445	0.1449527323332413	0.0026518760203140916	-0.1353824516948042	-0.1837511609096795	-0.11968786575725365	-0.001859034943121889	0.0028849885951717476	-0.011268916834510641	-0.004773506154625849	-0.004655347306899859	-0.010066957927393068	-5.754983126664876e-4	-0.007662970742594945	-0.002151912379531838	-0.0027048129003052184	-0.005490512873614396	-0.0058928108088026135	0.0026181676088647067	0.0032920918556445236	0.006208650893726404
PET0446	0.14152047845236404	-7.146752844434234e-4	-0.14225891608751348	-0.19673010642378985	-0.12817687222892754	-0.003266238461257723	-0.0015566851793556383	-0.006694272375011736	-0.0014294342426449834	-0.006604361836550853	-0.008281556502164182	-0.00384988240150638	-0.0086422871480081	-7.43851334466492e-4	-0.0010771241116164605	7.298715456341958e-4	0.006080735661154257	0.0011718659045313305	-9.409860786185759e-5	0.007306251950694332
PET0447	0.13185204597076292	5.390616684886043e-4	-0.13390990606700331	-0.18919035825286049	-0.12920962497958344	-0.009776809970426521	-0.0016821489429830509	-0.003636295684930667	-0.001597153208810243	-0.0014152433020876703	-0.012304692938529215	-0.0037677807400676505	-0.0034229537484665937	-0.007265200497324132	-0.0025167044975275433	-0.006611615218258811	0.0030269524145832604	-0.0010558822261208577	0.005987002480248425	-0.0049808487129840194
PET0448	0.14172846141365633	-0.0023940399738141237	-0.13628773547633055	-0.19756460972800405	-0.1320475048214555	-0.013450096430266607	0.006691963712129284	-0.0015290046365603336	-0.004026878165601547	0.009237279027122588	-0.009388251327130325	-5.116161762926274e-4	-0.013063013056480942	-0.0041744985124492874	0.004001311740418389	0.0023513400698564634	0.005565290859211965	-9.308037358372099e-4	0.0017823967815612895	-4.078150543269991e-4
PET0449	0.14336449843740837	-0.0033650766240264224	-0.14307949599377723	-0.20664711340751155	-0.13791599981835667	-0.0057260980365264735	-0.0021950931530526517	-0.003908653273253308	-0.006026420165177735	-0.0033269180525147195	-0.01492764563216421	-0.00435162595911359	-0.0038871706112103294	-0.00506575318501023	0.002339539065039549	2.0501203489460687e-4	-0.001182821358552046	0.0014012657759060602	0.005053012136104323	0.003721539212207515
PET0450	0.14683895780712172	-9.283553240582616e-4	-0.1472925419987002	-0.2046835478812955	-0.1338626695478759	-0.012571209267044083	0.004875597410051589	-0.0077045792025314695	0.002305743242794217	-0.004524565614532203	-0.006947340027693798	-5.520233667566962e-4	-0.008094747582059407	0.0047167089718548015	0.005620783161797637	-9.492419855924006e-4	0.0017675781997249177	-0.0019969046092833107	-0.0017432286020853483	-0.0045996324938929346
PET0451	0.08031510815115785	0.017692587085237542	-0.0343159702592477	0.051390896667038166	0.08383734092921781	0.008890744047879191	0.0033676441418748378	0.011724306249945615	0.0067769870138712895	-4.0093232264001714e-4	0.01163417283087172	0.003244279665469684	6.900725729081135e-4	-0.008814157359161445	-0.014844033027973588	0.0010895517614797287	-0.005242335146581049	0.001493311847384871	-0.00738743942877861	-0.013778193131999428
PET0452	0.08426895872299346	0.014274044857218598	-0.026997809699671218	0.04846143570066904	0.06992557767234521	0.009587972330010106	4.617698854989112e-4	0.009650701637287745	0.009505751154816257	0.0010319460454947217	0.008504440101741962	-0.0032361537902897237	0.006530314901295803	0.0018978541195575124	9.159733053095491e-4	2.9437038491987003e-4	-0.005166070279518209	-0.0034242681339673436	-0.0017615435781791727	-0.003703199930855941
PET0453N	0.0757753930075179	0.013875108407607117	-0.02243547417055152	0.05286284914254859	0.07823276733137786	0.006502698659165252	0.010532455695696814	0.011031880804590439	0.0012826601333879744	0.004227219151155664	0.009318635900882107	-2.5328926475774976e-4	0.010140438028133436	0.0019164752380389884	0.009081852972939904	-0.006398430379400608	0.004492406435233615	-0.01393369693163703	-0.010443946560536361	-0.014761691305886998
PET0454N	0.07554532720387161	0.016468873717460187	-0.026577610038216844	0.04881800765786624	0.08062565849642922	0.004968864729073752	0.0013609891891726029	0.009734553829875306	-0.0020440475351547883	-0.009125660727087325	0.01122039297679844	0.0012694970241974247	0.008371118653639239	-0.0016360343787797716	0.006070357764309347	-0.006110913221577223	0.0076465277685586735	-0.010459142507800787	-0.011913861642863736	-0.004728046297752457
PET0455	0.08046505564032284	0.01313441946248095	-0.02179014663494611	0.056598399606567186	0.06939283465616244	9.321465128973473e-4	0.002943370974012739	0.00641664272197803	-0.00931770222495862	2.544830245054824e-5	0.006492399045651139	0.009434410162511333	-0.011533443695148304	0.005708199184996363	0.004596104007558861	-0.007401613826596523	0.007373843787021017	-0.008124130349729447	-0.0074422579560680215	0.00174516689995468
PET0456	0.0786261329969045	0.019473392851815995	-0.029750285389678797	0.04887238689086615	0.07326785843399677	0.007283486146437658	0.012249316220465569	0.010048341844390652	0.007928777642528707	-0.0036011242766985133	0.009904025573799187	-9.104958825903625e-4	0.0085116666576647345	-0.004623545464507989	-0.00963052946897242	-0.0025882934646665294	-0.006943958971106081	-0.003852396110392498	0.0021983235359689284	0.003562032092133623
PET0457	0.07847881017004148	0.01116260339326933	-0.026463896579581425	0.05264034268712044	0.07152924079654063	0.007931693009014815	-2.1961228329143377e-4	0.004673382688432746	0.014513375779522632	-0.008930737762282055	0.008733244309749217	-6.566538477940599e-4	0.004521200350284693	-6.266608939105587e-4	0.006071480775813465	-0.0032507755291634444	-0.0017176771977481552	0.012999178669252204	0.006742146919489349	-0.006005196517911505
PET0458	0.07830448451284842	0.01650005414590896	-0.031042514841481798	0.05220765079750571	0.07086293918743837	0.018307712364659154	0.0010851857133322184	0.00606625675781602	-0.0044985230440080315	3.688330314103225e-4	0.010953227919017304	-0.0037584943231942468	0.010602651364309174	-0.007889447537538214	-0.0017152606049101878	-0.012947401468341392	-0.00719425077351209	-0.0097884328080137	-3.3419758025437845e-4	2.0014062691452633e-4
PET0459N	0.07727946170747768	0.014372559327711814	-0.034554865759454025	0.04490935770973361	0.07362181749765095	6.547527098693853e-4	-6.460564445903969e-4	0.008911922097486282	-1.2220976232482089e-5	0.004327961481936743	0.012024907020877388	-0.003188756339187917	0.005621130340682226	-0.007920551412043213	-0.008055981059519327	0.007944188448985704	0.006807877442762604	0.006301278274010938	-0.0023739794016841794	-8.808172972386998e-4
PET0460N	0.07611991593823444	0.013697624210034688	-0.02666243958954804	0.05521615143900243	0.07828657341962235	0.01074131378758889	0.005600504868641792	0.008330816874557178	-0.005007950239805463	-0.0030093387591841386	0.015419776076382544	0.009758218369360704	5.807748610274282e-6	5.738136472632501e-4	-0.001887493164807187	-0.005450221036422113	0.0012124140003696895	0.01699671655907058	0.0014075346643430183	0.0018513562849313751
PET0461	0.08551402108701577	0.01998390186963749	-0.03710773772405414	0.060743356269406905	0.10018523314781258	0.011850798232936523	0.0029955492164067863	0.005235041473209284	0.0027320303153657954	9.006334151880028e-4	0.015182617668349921	-0.0013110481055808923	-6.447672342269229e-4	0.00860621463522609	0.004616411666111923	-0.005106287335251829	0.002956510215858978	0.0026187318282858596	-0.011456039570627692	0.004667168729065441
PET0462	0.0741739491486371	0.013178366178919959	-0.03195793375991827	0.04706298772209448	0.09073837545036391	0.013974285959560198	0.0017389233277389834	0.01717785820247225	0.009422387832326306	0.004154044703260828	0.013375460884601316	0.004382921562351878	0.00533596611843239	-0.0023287546873042926	-0.005002685962256165	-0.010362545893049864	0.015661329877008693	-0.009634968503576796	-0.008422469021241871	-0.015230779495983306
PET0463	0.09214888091144942	0.011820764973422507	-0.044257060195918574	0.06711438622106285	0.1156524454113052	0.01055511220641809	-0.0018416448980903813	0.010147824898950483	0.006708394423824051	0.0036236583669253587	0.0049613248629252595	-0.007597132828616447	-0.012319258046953715	0.010108129618456219	-0.012380326658048064	-0.0060286076182359104	-0.0028780941223080624	0.003558159324535619	-0.023383442632831385	-0.02122860161323452
PET0464	0.08947164688727152	0.011738708492595416	-0.04023260426236975	0.066166061415089	0.11413302610092332	0.01054493388438284	0.0027821441101380335	0.01197921953188505	0.0026246081871256063	0.008623702776886778	-0.0017454708380471734	-0.009567953112883072	-0.01073018111838537	0.01699116442738295	-0.012227885819018522	-6.216894609947905e-4	2.969441002557419e-4	0.005802408889325353	-0.021400350180978654	-0.025611442677709213
PET0465	0.07998000831800739	0.011752834966753844	-0.03766453976530521	0.05053112972904792	0.09114225152204587	0.008712254755542253	-0.003679795556304241	0.007813077088936072	-1.7539466682548472e-4	-0.005907381365371726	0.013411272366736709	0.0022835361432233378	0.0072566101841107095	-0.0010534667210056507	-0.014124501889712985	-3.918004726295501e-4	0.003750873359680493	-0.003281091988863856	-0.0012429733787007458	-0.0037497303988706853
PET0466	0.08276510462835275	0.016034868162665715	-0.04221591266845172	0.06639669934392406	0.11271953320435212	0.010696692824887376	0.011515212735276678	0.012013959592904936	5.304183813061328e-4	-0.004965788940223614	0.015190224340337836	0.004605635530488889	2.2392184763031303e-4	1.9045186278427305e-4	0.011491892178271226	0.014122806517453908	-0.008142295014530317	-0.008429767372760416	-0.011239309961477041	-0.011490447829081258
PET0467	0.0830306185525041	0.009240366085099056	-0.037415854175699384	0.058616516845879235	0.09650975818291185	0.006163724357902199	-0.001440469545025988	0.015136066019130484	-0.006328408272898911	-0.0014702891332089604	0.005006388421395427	-0.0014355207774726332	0.005052444000474526	-0.008245471179267412	-0.0074729591472708894	0.0030433348255639817	0.00981855750191269	0.0034782102650427133	-0.0031250128491303758	0.0015855557944550733
PET0468	0.07802663070061061	0.01092188719850624	-0.027985947235447298	0.0503132507017528	0.08099991372223535	0.00880597897825403	0.0054962665372113835	0.011752049783209196	0.009098374850989637	-0.004259918140243733	0.009772855807586153	0.009896901481805248	0.009400437551239336	0.006350030497929272	0.008106641595608184	-0.025589419359334953	0.0073004983494761545	-0.0024940450952542796	-0.005214447128891894	-0.015397364969011833
PET0469	0.07305885452713717	0.009591105060124451	-0.02852516612412153	0.04710390147868828	0.07742043420663981	0.0029792223894000297	0.002470926879951832	0.01274500376961826	0.005127707104683463	-0.004554584654378665	0.008432671916632774	0.0019476320846683827	0.007566042142246536	0.009879371762145065	-0.0014033031430376835	-0.007475895065622376	0.00821848426938696	-0.01020814036078721	-0.0016740427890696748	-8.612853306119984e-4
PET0470	0.08866374173375238	0.01926282127632902	-0.042993915507200074	0.06971049846545344	0.11384035949618757	0.004955900294567108	0.005582404200977067	0.011192807274242765	-0.0012862796854297568	0.0025304372401492446	0.012161510436720585	0.0011264233472054672	0.004375129206581274	0.009097523144882581	0.003919746886529121	0.01452995071501646	-0.0046464947592391144	-0.01384751600057722	-0.018706461905301598	-0.0036786708271779795
PET0471	0.08192212276304546	0.010910541711447463	-0.03169677823139491	0.054992946881487585	0.09324411131331733	0.014743273034645713	9.810385580541312e-4	0.007210286784167482	-0.0026852474039230855	-0.00964788533495271	0.015278750546701777	-0.007790450852337191	0.012768591584251105	0.003829085653478494	0.01093273764479495	0.010335101148633442	-0.004811229297748326	0.004686557903191044	0.015222638635022408	0.008957685366355599
PET0472	0.08409901383015188	0.01185045243428932	-0.036201611154493926	0.056489810200100035	0.08916911904693224	0.006719409694042021	0.0016094020257489692	0.01212498191848717	0.005965848415479254	-0.0016190169950635067	0.012926615869206239	0.008702839413301003	0.010444908146590189	-3.001065221828359e-4	0.008439191312797271	0.007624497283303237	-0.003828764061628019	0.0015380591509214373	0.002049642528309628	-4.4246298538734466e-4
PET0473N	0.08591166202699187	0.014386319773550486	-0.031093391199795203	0.05804069559279525	0.10120086684608161	0.010980145080583998	-0.0033449645033116356	0.018739701444074587	0.009852190481425578	3.493789277386934e-4	0.0090808455215206	0.001093908885731448	0.002156701439032183	-0.001194871090135057	0.0040508840289149904	0.0033918316433841594	-6.942449548567926e-4	-0.0018720172115389796	0.0123576809161359	0.005143104845306717
PET0474N	0.08308109143015883	0.01121704877475576	-0.02684288408339601	0.054147398567979704	0.08724105634308678	0.011672992652814712	-7.87715338857102e-4	0.015209593964446506	-0.00763128967020038	-8.735840602282199e-4	0.010042644809343953	0.0026691347375269107	0.001267471498659616	-0.0038891015891296793	0.018828395589871642	-4.756697761048221e-4	0.0032685125106880985	0.0058093952551750965	0.012586177811408984	0.0038877236252521704
PET0475	0.08183471185686525	0.011635927221797883	-0.032540379816000095	0.0534962497111685	0.09167266267884684	0.014901410532464021	-0.0017080374802307405	0.01651183874256033	-4.207677480051333e-4	-0.00620452247598598	0.01569943069044265	-0.001774918205500721	0.008284937093489686	-0.0013086031277480233	0.02233084030406331	0.014016031582918352	-0.006487180060807837	0.014899853926302633	-0.005262482598061584	0.014316740316909465
PET0476	0.08556234839481766	0.013266175558081881	-0.03647789060405737	0.06186203227226791	0.11108141065043663	0.018489380858875904	-4.908663656616311e-4	0.015586129361820798	0.004923687652862717	0.001545472048799776	0.015871286337602486	-0.009643743204516893	0.0071287811923333895	0.001816873258349208	0.0020540065412985786	0.008850150916101661	-0.003217588625600291	0.009343927592041307	-0.00770544747778584	0.007045125875696255
PET0477	0.08592015460312447	0.018144139585829153	-0.03565235452438725	0.058179946068688856	0.09754107834003542	0.0028216917406484817	-6.839656426230631e-4	-4.351022164588491e-5	-0.0041410556428254554	0.0030713139520183105	0.012385421771175653	-0.007356152459923599	0.0037680007007189257	0.00857146972641157	0.0028748089459115084	-0.010467478230714278	-0.004208566155191915	0.010037512610143932	0.015232777989340742	0.015344977777266839
PET0478	0.0879432140442049	0.011674539858621678	-0.03481164757426434	0.056559794676611506	0.0928004141026244	0.008087599132752234	0.0077215238920798224	0.016258435239574237	-0.0014079695191495437	7.441905650630768e-4	0.011683754064357467	-0.001693143237361239	0.00857386886968884	-0.0028953313975708067	0.018423784993257874	-0.0077099521916303634	-0.007226230174448958	0.0024927716994433426	0.012104141243637371	0.011595333258012111
PET0479	0.08340476300375399	0.012725438595085833	-0.03688110879150873	0.05638672793461685	0.09182959224084347	0.00897275694054228	-0.0019710966303473046	0.008231019226596536	0.005759641504481389	9.800696062884327e-4	0.0020886414278482525	-0.0011544763673444992	0.008169558627253104	0.009175404315037071	0.013956198283471914	0.004268064071505456	-0.0015781861278622341	0.008732312263589056	0.001276701090913518	0.017110058994403293
PET0480	0.07914442738396676	0.007407478215807053	-0.02874557222989235	0.053507160202525494	0.07805508602471524	0.007083201378397452	-0.0034112757401290723	0.005091102162850891	-8.291205411053488e-4	0.006365453624931713	0.014423411745817568	0.008845713443237722	-0.0056862390313879045	-0.012878833948960375	0.024032754292349197	0.006143255438032487	-0.018173965045020123	-0.004554310056979707	0.01124413403502216	0.0017425577246958986
PET0481	0.07976524587865433	0.0065334042421273855	-0.03628695010326704	0.03855653662202634	0.07958719940634285	0.007572076088262553	-0.00515480190263103	0.004732255321110888	1.5826026640875554e-4	0.0017320879490687	0.004598454917054065	-0.0053693617950966496	0.0056679457355577195	0.0017394261664578905	-0.00852755400006358	0.0039998961031726815	0.007378928821454574	-0.005973906676232253	0.012979615582114122	0.017441889112822444
PET0482	0.08948222900193901	0.006634173288585162	-0.03525372395077808	0.05245981827250114	0.08753650746680768	0.011215561373845218	0.005713372914342428	0.0048163707918996	-0.0012276351947775293	0.0013749072386039381	0.00739137767320746	0.001058725043396023	0.004920109018277087	0.010013611606107701	-0.009688083563285379	-3.3564744695966384e-4	0.0017439870751406	-0.006310741707313791	-0.022111270590392123	0.01269690951922952
PET0483	0.09288507785352834	0.014429324946447752	-0.04256298842470592	0.05223266725439471	0.09850921406747709	0.01741865839666773	-0.0034046941302011318	0.005806434124946605	0.0016117087951179805	0.006740641804208118	0.01715217172100495	-8.684094786977475e-4	0.0029514144207929173	0.009340527925501644	0.0015464818965493276	0.0113535776231441	0.012270367844939751	0.007215346406392283	-0.008140315720706205	0.005493356108868151
PET0484	0.08357766661018072	0.014359293904098538	-0.034626863232458754	0.046691782879699134	0.07956771656087852	0.004995519788228009	-0.0063240860513197935	0.011635845582993106	0.0013857573968352166	0.0032381259022128553	0.0045378066468377675	0.001851204723423028	-0.0011721172911934117	-0.005422826100181909	-0.0069373141757973645	-0.005214123914645381	0.003966821606974009	0.0060797997210855	-0.0022503227450065724	-0.005101105248629582
PET0485	0.09545545460461521	0.014817389639560816	-0.039755088480445795	0.054868705546123525	0.09208167630308506	0.007905455078170536	-0.007826911279309191	0.012509384583342059	6.964532174226708e-4	0.00938023608851508	0.02255070330225422	-0.0015015302275790874	0.01137165416387366	0.01215123280469647	-3.246352787378617e-4	0.01040538196904886	0.008722631368834059	0.004224579473745817	-0.0037764085989149456	0.013118380920057458
PET0486	0.07818087837551188	0.006296411135584119	-0.03594602363802933	0.04046065301024652	0.07328051688518185	-0.0020418388304182917	-0.0033910453227088727	0.006850707079785619	9.158316865618434e-4	-5.84193228828496e-4	0.01904646751475614	0.003473511130084137	0.013097006152162366	0.010984512563765434	5.809715191953802e-4	-0.007092432214694338	-0.016122440988348457	0.011778856819955472	0.003433828863847786	-0.0021569723913311594
PET0487	0.07839158658069716	0.009012934677404164	-0.02767235739301485	0.04360731191524196	0.06754457395963949	0.007983464400908247	-0.007419656931740679	0.002261295207939044	7.220588671809214e-5	-0.013867689193443052	0.018772285972171062	0.009679342581670702	0.002852806746371986	0.00767175951513252	-0.0022936258143889687	-0.004982058545445035	-0.0061466253160639755	0.0034860733791070107	0.0040038881673451765	0.007231789887588529
PET0488	0.08562853051819988	0.011575332606695334	-0.03612134274911235	0.04225251160605321	0.07439787428143002	0.0055044101065277575	8.033511085088391e-4	0.010327546106159739	0.004325854213886536	0.004712588848766282	-0.0023318733427774322	-2.3417965241356517e-4	-7.527610289020655e-4	0.007447191835129155	-0.02176356434392079	-0.0046404259111074795	0.004425085140479813	6.022186086840182e-4	-0.01310312022756854	0.004526448809410456
PET0489	0.07942614047160362	0.009554651822255759	-0.03252127107236184	0.0439789934683308	0.0669690748588146	0.008070769428970009	-0.004844680980580908	0.008990320959127291	0.008365318898360103	5.058144189715805e-4	0.017165697513409125	-0.004521128971242315	0.006462476540574386	-0.0025696839305832503	-0.002447177844166437	0.006848979046295192	-8.270783895908066e-4	0.003449711090704137	-0.0026162874081095393	-0.010461327368411641
PET0490	0.08135974277838483	0.010630135375862165	-0.03560551231243209	0.045312826819102474	0.07812940257453423	0.009614717664576044	-0.0028576548675231963	0.007769512544665381	0.0022678735422074115	-8.084571004604837e-4	0.012051318961483233	-3.893277657886611e-5	0.008963701956090815	0.006073884389979183	-0.00723699186025906	0.003960784877294486	-8.620962858389651e-4	0.003795083647266349	-0.005534643198012063	0.003928612445584323
PET0491	-0.008846288440974674	0.043566992853614005	0.02060843023594193	0.02924469000103767	-0.03026715167429473	-8.127335663970913e-4	0.03395817535516499	-0.013227992069008751	-0.034895864637704443	-0.0021548828895950707	-0.10415085462042306	0.030685520422893624	-0.013835034228048727	0.0335922162846898	-0.005564607640957048	-0.001440383175355378	0.0046684723406151835	1.9755082689852473e-4	-0.009454122682059824	-0.010465833573669842
PET0492	-0.013165765328163673	0.05256761114607683	0.0300297410395875	0.04506937835507054	-0.04216166316241493	-0.012031636829537075	0.09792339217514291	-0.06083153962901511	-0.10956644588174859	-0.0021697064644054373	-0.3364490978447811	0.20033464990978878	-0.12146245602345218	0.25623960987312183	0.05516925357665778	0.0031210383303690616	-0.019163625250649755	-0.023455988054481534	-0.034521663735172035	-0.021701646553630424
PET0493	-0.018225692208235608	0.046499840507625324	0.0272447625239153	0.030975225742038297	-0.02076273496008759	-0.0026851352016978324	0.04762965242717466	0.004708548044298427	-0.07814198745290825	-0.022605745066743867	-0.12800685715765858	0.016920770426390525	0.08314878076338757	-0.1713916008882648	-0.03576000183633602	0.008115250517570035	0.032065931561802874	-0.01074798417107821	-0.003315915171287953	-0.0014893831311880454
PET0494	-0.011811049065321667	0.03705649302941038	0.014973383336903637	0.022777642415429036	-0.02940550804923823	-0.01071280088757647	0.027711842081613022	-0.01728479577665813	-0.022650373970440393	-0.00306853231882266	-0.05259094673378399	0.010379889885858909	0.00433344968021206	-0.019572379557961702	-0.02181125575206258	-0.02146191670478491	-0.010098295127925445	-0.011980740710203235	0.02462593263108178	0.011430040175545716
PET0495	-0.006749863861209016	0.045235095189544626	0.021949878369005166	0.029081113380312218	-0.03512842772147628	1.6254219522222123e-4	0.043070045096056934	-0.012478788720182848	-0.040304178654897514	0.016574559452695616	-0.10836719458433003	0.03985713545668971	-0.030354250663125866	0.04797359542711081	0.005991770471099776	0.008048582248019794	0.0018703996147474416	-0.002479244282896374	0.014577371953522471	-0.01995265190358595
PET0496	-0.012602039853373544	0.04593280421794075	0.03777339995878575	0.029773873963045084	-0.03531920039391294	0.010437217012637173	0.08295064049167424	0.042373653158710715	-0.20520700881120943	-0.09148106979070493	-0.31309132136924744	0.01618076306150745	0.26904789412292995	-0.48767574769000466	-0.08304469265158189	0.046959085076699096	0.07539794329196428	-2.290599997126949e-4	-0.0013808355689463717	0.007468418623521868
PET0497	-0.010656356943223581	0.04490895359885762	0.020682282207160486	0.032567098839732175	-0.03456922197071474	-0.008292195502642194	0.0488324364070028	-0.017306873211933225	-0.051022745824240524	0.010357522992736519	-0.14610595154430933	0.0736541806261251	-0.05223042589528847	0.10017621499880083	0.011594447162813062	-0.0019041218950269394	3.157564946326426e-4	-0.005843247708124829	-0.008162567907056469	-0.006965100877270024
PET0498	-0.012320795563936292	0.05232912163008733	0.029015756200662494	0.05033213177486815	-0.04109999564658512	-0.018497853975380663	0.08590396992965571	-0.04229866957182001	-0.09646589813217274	2.0419258870057788e-4	-0.3099773607625065	0.17293198825987013	-0.09898939962050139	0.1998707511832864	0.03691648275380141	0.0074442598104336845	-0.025078664064679616	-0.012318132067166292	-0.030159555197187597	-0.018924212920479137
PET0499	-0.01328651443543824	0.04351999184895654	0.018864906793241234	0.027271547380479957	-0.029127960941628974	-0.010092073391083298	0.028698166706127376	-0.0346936302746656	-0.011890689861634895	0.0022533718174014366	-0.009556361026251917	-0.008059739070176526	-0.013588133543439112	-0.013798355800039968	-0.012817023097194622	-0.007333679532575037	-0.006898769674802198	0.03461937204083228	0.01941779656172745	-0.017039235184812093
PET0500	-0.013359608308660714	0.05762367339765937	0.033436486885181416	0.05412386304080851	-0.04990918419636793	-0.007868914154545815	0.11378821610265964	-0.06314434975581185	-0.12501574749259323	0.010923057320576508	-0.40648080405353126	0.23414668449571438	-0.15171777584162507	0.30480779165807687	0.06936040797267307	0.002069216698822717	-0.03224638425487549	-0.022756980423469998	-0.05052376802744733	-0.026524524027993348
PET0501	-0.014667690898227417	0.059409890048924004	0.031976168614045064	0.044583481272848585	-0.07546155615762412	0.0073731340540675325	0.06260537451814226	-0.2480704890994895	0.005954311780449549	-0.10931157190381575	0.11189171998368629	0.040877762089304555	-0.0021689451538982425	-0.029460036240089763	0.016807302769454985	0.0016470160919059974	0.008062852396976029	0.002449325448591255	-0.01767249017555489	-0.00426186914568491
PET0502	-0.01209597827714166	0.05310561769444254	0.03413199954530145	0.05368286771500193	-0.08348135261253888	0.007972299695203364	0.0812587175628776	-0.3214895221675979	0.003606795300842028	-0.1434686641328319	0.15627123088467407	0.04894653189454499	0.020755223536419478	-0.03599985599835665	0.012308055487009575	0.019026877807595988	0.0026295708825337114	-0.0193891678826797	-0.04939385863388784	0.003931125340608952
PET0503	-0.008543909915846444	0.05261122288592446	0.03159123160246297	0.05244507602947682	-0.07505516533074467	0.012053802625480538	0.06807524566676885	-0.28915173432706137	-4.44821405800244e-4	-0.12621442901625585	0.12835942659149152	0.04120419495400615	0.005785072030597602	-0.024910962736206053	0.012134630378737096	0.011059803200477149	0.0060476467412560325	-0.007224587585786338	-0.04014383469519944	0.00445654644019021
PET0504	-0.015257510629425328	0.05883962896274064	0.03214137239709146	0.05684669447721996	-0.08577525158261895	0.0022513662617581346	0.07218996150823505	-0.29575414895771046	-0.001918775947740817	-0.13245059890291747	0.14603447962867033	0.06263980628032996	-2.078326035326327e-4	-0.03122885666223429	0.02090644790642467	0.009998150378653996	0.0035817245446506728	-0.0015429084136076333	-0.031037131114877135	-0.010681472740972078
PET0505	-0.010993752389219657	0.045675398191309766	0.01886443383134368	0.03012533131875986	-0.03673253472258442	-0.004368174471427325	0.027682703860994265	-0.07340235833850962	4.1456512895232987e-4	-0.028207996586130775	0.027966909732852725	0.002702775308180108	1.5373071998513275e-5	-1.1349468483618739e-4	0.013454398352077465	-0.004789144691309988	-0.009084032264429588	-0.014775554064266089	0.02332548521944149	0.011959603656860582
PET0506	-0.014340226426967629	0.051846834669936843	0.02562747122513028	0.048940258402570706	-0.06842342551643749	-0.001685265259792872	0.06784354766520148	-0.2482803594214511	-0.013576739089290375	-0.11229606927947708	0.09954715630243768	0.05305004956057569	0.004082876471475811	-0.017752477167350265	0.01305176088748902	-1.240280038735284e-4	0.01190928441961961	-0.003326219072814018	0.002700930953402147	0.0011912446224426275
PET0507	-0.009577432466029892	0.04361311830079742	0.023287568516487674	0.03190034755296789	-0.03678377475325416	0.007492227733725041	0.03371204068275052	-0.09379089657849057	-0.009780155457920148	-0.04375185650378636	0.033428274216122246	0.019279878243812238	0.01801467627899209	-0.02274225060094689	0.014014214582787829	-9.093698508279759e-4	0.010629442986252772	-0.017027145611290536	0.013525606343161254	0.005799909632290787
PET0508	-0.014760660342162512	0.04805555227963507	0.022252295624254004	0.0338386134160341	-0.04308741555005179	0.006306305287524061	0.029105271881047515	-0.06411792752754102	-0.018180155093554338	-0.0271171106653371	0.021337829423423427	0.00780589272609259	0.013913035615474493	-0.006464980945749887	-0.004122084799681272	0.010987625759832406	4.4073303502511357e-4	0.009637281421220771	-7.639140817678636e-4	0.0087017953660375
PET0509	-0.01507457463693787	0.047174692905806975	0.02191138064834659	0.04077509442135837	-0.045083930853484395	8.975019783263477e-4	0.032300154665348246	-0.12019780238072264	-0.00916130861730984	-0.041553147305878446	0.04628134895745267	0.013690142906157495	0.00888529435724773	0.0021496183014268195	0.007886159870460843	-2.7189032164300146e-4	-0.005281780169247797	-0.004075463928216566	0.009364083191691382	-0.00726004158574976
PET0510	-0.01331645205145271	0.05025631433078257	0.028844405075840084	0.0550174336160448	-0.0869561955250313	0.0026643330118346123	0.08572064094561482	-0.34302636596804686	-0.0011659151435848857	-0.15567602015975282	0.17469267920241544	0.053892219745749814	0.018830832611132102	-0.040994019654147874	0.014312673496371288	0.01622128695321387	0.00852172665632295	-0.004382611236536094	-0.03673813888790146	-0.0016162424078408559
PET0511	-0.0043020060040328215	0.06727757191125756	0.03160403877302765	0.0914293851046967	-0.13781353936673058	0.007898130241600231	-0.3145593133058308	0.03924446772439925	-0.014016542163873722	-0.004243083187169834	0.004992841328087135	0.021200313079626568	9.113116209466159e-4	-0.012728041498256702	0.02033087801680644	-0.007195618626101498	0.0076882041990794245	-0.015579299438800076	-0.002018405467872647	0.009941118210594187
PET0512	-0.0013015543319321865	0.06970114321568466	0.029133401048617544	0.08345589833164223	-0.12872874632331607	0.0013378901665414861	-0.29612671981710925	0.030611783810690515	-8.492924211168224e-4	-0.00368117703226166	0.0014771286125812768	0.01824902567009879	-3.3268397614616245e-4	-0.01510069534082404	0.021666266609014967	0.007026618345738276	0.00961432706983006	-0.0165422494342531	-0.003543731552976035	0.011168115427104526
PET0513	-0.0036927555720973997	0.05820115929520152	0.026204134607954514	0.07101981795407057	-0.09786236103787975	-0.011334264730949183	-0.2005580367163985	0.021713995806615455	-0.010781824851974299	-0.008514936882742047	-0.0010760457770704252	0.01657380161844806	-0.007393160873113808	-0.00104398004008668	0.0025398309150520483	0.0011212390677038957	0.006708434979368571	8.417767645499361e-4	0.0029281669679699354	-0.014930183690086644
PET0514	-0.00614815879989586	0.05448385041164738	0.025081351389905124	0.07503295255869058	-0.11498145743278924	-0.005846909942492314	-0.22719487806036767	0.02608978806487589	-0.012558887296513834	-0.0030934368603970706	0.008669190214024914	0.01396907557498162	-3.007348876736214e-4	0.0025179202956559393	0.0016509681725971129	-1.8309490856392127e-4	0.014338852782372267	-0.010683979562058162	-0.010988852121276033	-4.273446546899791e-4
PET0515	-0.0061938775686523825	0.06230474154925321	0.03028776975363448	0.07929175206236184	-0.11211916206499302	-0.007357104256973491	-0.22450611778183951	0.03231199732243047	-0.007369283100037545	-0.0022258190137333647	0.004135083149646238	0.024459174634189406	0.0044031219056547164	0.001242777271199483	0.00867379257279579	-0.004485879614777537	0.00781414056080542	-0.0066499571420588054	0.0057822622676784435	0.013266313199085436
PET0516	-0.0013239079528429495	0.06620003248189263	0.02794967351198157	0.07591744756895898	-0.1008204316030068	0.0040585849402467065	-0.22903871726092673	0.02386117356457935	-0.0010910307641787342	-0.003791098602354443	0.004468869839774157	0.00990069851627033	-0.021828350432708553	-0.015467066684123055	0.0047986377520142665	-0.007259234528263731	0.005138663377963107	6.948544420551877e-5	-0.007913211419461488	-0.00689697111831906
PET0517	-0.004425689295783504	0.0655832407773477	0.0344580688917739	0.08935671376912631	-0.1222636305738693	2.9043232169212625e-4	-0.2733031779927477	0.033338725203936555	-0.008406312030760003	0.005247364994152376	-0.009282697461961045	0.023809423136644137	-0.001968758834912702	-0.0097541265095816	-5.685393475062255e-4	0.01815203966460517	0.0022608593089593907	-0.01388933308628737	-0.01952063325212366	-0.03161086006439264
PET0518	-0.002016788500679316	0.07256441903907979	0.0304009596296242	0.08460718882235183	-0.1253286026673691	0.001212015018303832	-0.27785153500061033	0.035157257474587554	-0.010005897089318188	0.002852127482902895	-0.005849136533134826	0.030722188685897104	-0.00838190455839537	0.0020069852694179964	0.011380085494878006	0.007749511731605602	0.005296510472792128	-0.008757981772298168	-0.025783672058143286	-0.024682302015587815
PET0519	-3.3865339320629864e-4	0.06525964984236773	0.02738225203723903	0.08546976664938621	-0.11961290551713837	0.0025572591004253326	-0.2832327067812154	0.038582714824534285	-0.006338802861961905	0.002924573707813634	-0.0027851246331935028	0.025893326213700413	-0.00755478976886019	0.007470621873120374	0.01344923479621298	-0.0107508522179995	-0.004009754424788217	-0.01907096558073837	-0.01173712391557104	0.02176566713945362
PET0520	-0.001077346266706844	0.05730149141543632	0.02368824048681184	0.07147328658933741	-0.09233160272007895	-0.0010974945498137482	-0.22595716908954067	0.031835929406294775	-0.011566972154483702	-0.007148146017150226	0.00713321993729967	0.009306332055943216	0.0027413030364843117	2.9084763516081246e-4	0.01841427730429831	0.013191332292312643	0.005027185376228871	0.006852663108456864	0.007714275101582002	-0.0013573267629430437
PET0521	-0.02508197924870061	0.05487094120087946	0.03008178218376279	0.03374186897608012	-0.057432984525196434	-0.008522407598905409	0.05239019930823787	-0.022793919528800766	-0.003074531493737931	0.0355617522443919	-0.02101705231112158	-0.1864308459355618	0.003332458091819397	0.03502900738775202	0.010951511242363815	-0.00641916466509704	-0.04960877162206577	0.09737025963614468	0.3240999140309184	9.283729438186452e-4
PET0522	-0.022715158372162907	0.0542169778817338	0.035781623756112976	0.03464456891708246	-0.05051969840511854	-0.012488205960597002	0.0578486486766651	-0.01708457683398153	-0.0065698065258281094	0.03268665151158965	-0.021706445115763143	-0.1924172201624101	0.006108507454084752	0.04519373727657129	0.008032726486664893	0.0017244760363951802	-0.05835298309322795	0.11889837157369938	0.3938742257821534	-0.014139694620938198
PET0523	-0.027209532012677767	0.052810900626082014	0.029007791573427397	0.034453332816221725	-0.0632751087749742	0.003974660667974519	0.06813475398797773	-0.013065727068758906	0.018394472523110633	0.03921248079320675	-0.10211476752118642	-0.49034411132089717	0.023522908628305594	0.05385129853618331	0.2577038293207172	0.05412106777704433	0.048916577029383596	-0.08488738996334816	-0.3447567021717636	0.0138200761060736
PET0524	-0.029064259686883143	0.05806755979034557	0.03416943140075569	0.032513372928712904	-0.06469891234300543	0.0026894792035654144	0.06584588635900562	-0.01638621165839687	0.024278729750843314	0.03956642618047837	-0.09668325530163675	-0.4906682021383004	0.02329128193263695	0.056844379779962165	0.256432864475072	0.05432667781447009	0.04180864857921617	-0.07959205661497412	-0.34238655621256286	0.019151120324728068
PET0526	-0.024673595630617582	0.04631337505718677	0.02734580209915233	0.028953474288084646	-0.05051679052491171	-0.009756445539774793	0.03496876297634589	-0.007257974607314382	0.011679650293340548	0.02265936716602507	-0.023415684594210406	-0.1600937912926104	0.0032501571382437364	0.020200344782665493	0.05709808975978773	-0.011686735958638965	-0.01046025474819147	0.03356362280952522	0.11574290054993802	-0.009611849072526811
PET0527	-0.026893520707937584	0.04849852261409213	0.030253453307073876	0.021959840231896975	-0.046218281217229706	-0.015716549022249348	0.05716137996633135	-0.0021355082696384474	0.004659350118733297	0.023301401136827188	-0.0476880435556924	-0.19487346257230703	0.009555361052084895	0.04489011759937254	0.05244232142413153	-0.0026432734448860245	-0.07139693821696876	0.08573636631139041	0.38309719253442004	-0.043801606985200206
PET0528	-0.02632539235992673	0.04460919841420794	0.03338192642471796	0.019938824785857057	-0.038087914815492015	-0.012286681319918478	0.0389478997674191	-0.01935759297541087	0.007628344178605648	0.026454111277324745	-0.038420039174428086	-0.13661417495583786	0.010190235029361682	0.04021272171143192	0.0459070278017426	0.007460539251578214	-1.7084372534890388e-4	-0.001529170115539072	0.015821506683944796	0.0037206860898670886
PET0529	-0.023825733759394223	0.04730747686030463	0.03636544499691252	0.025197198793078218	-0.04587974411409628	-0.005495677622758648	0.0539529949815129	0.0035175788371724927	0.001359977754545825	0.026505070703462974	-0.046812295668195614	-0.18053148713138745	0.008636386147691955	0.04701635279686522	0.037539696215404934	-0.0029394249489257227	-0.06508353722996152	0.09413220758589193	0.3950330319295934	-0.03320016748438373
PET0530	-0.024793090363269175	0.04870193900351688	0.02759156851592776	0.023613967651654622	-0.03683952517430531	-0.014171936435386943	0.027174475432426442	-0.012000007428905708	-0.002962128571846813	0.01641324650637178	-0.006504714503150864	-0.1004474874972458	0.005207855998243615	0.010386935583520223	0.034276851600466444	-0.007715050488956661	-0.026961488641120634	0.045850562012589656	0.13907653378124968	-0.011739188287231623
PET0531	-0.03210866470651999	0.05030941195533392	0.028945492769674903	0.020771919432892	-0.057581221541713065	-0.01801781991863198	0.058290451394233944	0.1338735131542	0.12798036570749358	-0.09892855184811637	0.017486543871333922	0.016836648430907764	0.007205873054083541	-0.0011147552270275819	0.007288922802636379	-0.017963010504519764	-8.042979523410637e-4	0.020421499147898304	-0.009891353423414042	-0.001341034437877308
PET0532	-0.031352024278022445	0.05881976957909556	0.036118981739305486	0.02627017688826545	-0.07406540806126302	-0.021149493283468716	0.11968360715618868	0.2062518382054443	0.23545388115591898	-0.20688680539432555	0.019334664095617154	0.06002325116414725	-0.025319579612781914	-0.006181658556798774	0.03418697292890071	0.015218250250577894	0.005596465073991962	-3.881308378608019e-4	-0.01679147334966279	0.00669428460810949
PET0534N	-0.03366972274012522	0.051032056035588004	0.04153579169018383	0.021259946821590856	-0.08445409597031575	-0.028266197224990068	0.12359481540331672	0.24175430324244962	0.2697856277606184	-0.23421131678536458	0.011362424581650349	0.07438119945536166	-0.00775637173823396	-0.020414334614395107	0.03449432954247028	0.0077336188438273815	0.008434189057873893	-0.0010316986641165547	-0.007313919609318834	5.38617956922327e-4
PET0535	-0.032228604648419576	0.0578065618393921	0.04073648262085498	0.025585700695960514	-0.07389771960638764	-0.026989329469713087	0.12361954959448494	0.22022039143767136	0.2571104113262932	-0.23521153052899715	0.026268181477573843	0.07739705268718446	-0.01511672858972411	-0.00482430355183049	0.0274567269719054	0.007002108670728995	0.012368661515540481	-0.004599572441066622	-0.020457776212079688	-0.003201346076431533
PET0536	-0.03324130815489876	0.05023395827881829	0.03865354982396184	0.02096311660140304	-0.0805856960160654	-0.025681648398235307	0.1116326583746465	0.19100545962479257	0.20418075203937	-0.16234545172311893	0.014246689849502675	0.05928379435680768	-0.016183241080357333	-0.016944229182525895	0.030602386770354068	0.01686101711241332	0.016053782455196137	0.015217919245036314	-0.014175347145774142	-0.008240880235496923
PET0537	-0.03332179356844677	0.056767940354456634	0.03690140737926804	0.02669839092601915	-0.0753653723209269	-0.021658702517522624	0.11025812418629156	0.20544810169542688	0.22343139708084978	-0.2000188287305928	0.010097534226121994	0.06196713914734263	-0.022844484498284225	-0.0010517889247715706	0.037924458625538636	0.009535598513898133	-0.0042797011610787045	-3.401175564738827e-5	-0.02387179493851252	0.012155085578895653
PET0539	-0.038317664437374596	0.029048482313368013	0.036516911260775754	-0.009140557994612534	-0.03809837917599526	-0.016884620565595563	0.061373677041907916	0.04607034774562024	0.009743142730782596	0.19209510143065647	0.09562527905862846	0.0828956349622815	0.10058214743909953	0.03785877284827819	-0.00199526810511871	0.3267773654252564	0.005213555052454133	-0.03221033264268739	-0.008504910288426724	0.0035701111960505447
PET0540	-0.038173506052888724	0.03568001573228159	0.03555529192540495	-0.008742733731566114	-0.05559056526137538	-0.019101744656447987	0.08520197345085437	0.06117312577300467	0.01189551272593962	0.27735553034831756	0.11058941421285406	0.11229194268220472	0.1438376790693919	0.06167347920576769	-0.016248149462937372	0.4870945859518212	0.011916714527306168	-0.04782836396809283	-0.011019050911563306	0.04207257314822755
PET0541N	-0.04266877992214999	0.03168614251920465	0.03371709326706243	-0.007850495317567062	-0.038214995437975824	-0.025790195121973555	0.07193443839640272	0.03492198306643045	0.0023980996690361523	0.21373213274408692	0.07507284850808311	0.13098847019824703	0.19361942847902863	-0.01306961075635199	0.2135854632623649	-0.3349000978151235	-0.012518938147196125	0.029657030308106194	-0.03160182189131692	-0.015704394539878305
PET0542N	-0.046110753652675265	0.03682235888247374	0.038688447729709766	-0.00867807176555415	-0.04446119629325758	-0.034135286494904465	0.08252917394167221	0.04547139771446056	0.012465510434117755	0.272495613420532	0.0980990759922121	0.1588777263621531	0.24211387046720068	-0.013312873156342874	0.24031827421989718	-0.358109587245073	-0.02461894741008626	0.032710445774972785	-0.03918928495831896	-0.007812294730959593
PET0543	-0.037341071528405025	0.030661354390342177	0.028961048433421083	-0.0010016119184745118	-0.02729446497541048	-0.0017804190306470956	0.037372149019484414	-0.002344465389428517	-7.698693566258065e-4	0.06340399814248728	0.021908713247847485	0.030853093212955388	0.04779351650249318	0.020776951069543415	-0.002769815641220645	0.05326863604074365	-0.012881995587909215	-0.018928531613350164	3.84160789715856e-4	-0.005997703219420606
PET0544	-0.03898800058574497	0.03078628606948754	0.024398399429817284	7.184036677032617e-4	-0.02381745961081251	-0.012133861668915598	0.032728544305855395	0.021779575687521188	-0.0012083688243458282	0.078137587091794	0.031466404356661905	0.03408388191125549	0.059113100499748335	0.002949205571889918	0.03220953200139606	-0.024662062157507512	-0.006298178424885877	0.006088549411783158	0.015304290363680967	0.02606171927880871
PET0545	-0.04662609135113881	0.03317720720976648	0.03662840872183934	-0.01999990435485494	-0.03584915805612539	-0.02949763945835615	0.06801728571069761	0.04833403750870048	0.0067194490194961015	0.23862991562713212	0.09217180762169004	0.14186319320212915	0.18474330854457183	-0.014119643327294188	0.2175073131564499	-0.3100678868674609	-0.01789378030884715	0.022722202748164295	-0.03591905890323491	-0.007489122486495022
PET0546	-0.03938219528734684	0.038767621489373474	0.03594972199858877	-0.0015942158918754784	-0.04366189376393203	-0.013984229390651273	0.06252200245616472	0.04294936245140654	0.006186367932835263	0.21173818533302974	0.08903149163116213	0.0804129114951047	0.13535235844742668	0.06415550712634369	-0.03137180116909619	0.4088121564675363	0.0049569657803391325	-0.03658410976087981	-0.0034374065511586843	0.04077060288905779
PET0547	-0.045348335140630636	0.0360046710278397	0.0364272200933333	-0.00940959382682581	-0.03540451693754644	-0.023513222384722716	0.06768694678819862	0.04368322892049457	0.00765328975093555	0.1576947009578085	0.10137790088432026	0.08460515200307431	0.08260491877954966	-9.441963306853476e-4	0.024489088611441785	0.13370101046709149	-0.008540837226034392	-0.02074881351259322	0.009729424022777093	-0.018882604467687466
PET0548	-0.039704511533174947	0.037815652347115966	0.02842773329664113	4.908976935997776e-4	-0.027842619814444348	-0.009066305078726371	0.053025277841858225	0.021228355802922635	0.003897575079980179	0.1237546925372703	0.07179628069024367	0.06093296844526999	0.05695365933181197	7.124901826929305e-4	-0.004526940832669499	0.11460362402989117	4.081845853710308e-4	-0.003274496922173257	0.011387641591401883	-0.02070786478922023
PET0549	-0.0843112251891221	0.00955023341766554	0.025255632958797434	-0.10745326090572177	0.05582373886370517	0.07543090596434324	-0.0026190996083084225	0.12437524961696508	-0.2549258678002527	-0.14877083809953728	0.13437632633665225	-0.004569272172826838	0.007510956323838982	0.05113878163542823	0.0501460307053336	-0.009626054113390507	-0.07831762369291523	-0.015987299305705575	0.004501385670310258	-0.03180361193753559
PET0550	-0.09120462912409516	0.013947514692913152	0.026586323164504006	-0.08731689359870715	0.056946119243639126	0.06660871440666774	-0.002963269433197595	0.08658758520570883	-0.1805996368736095	-0.08965812891198166	0.08951341455429133	-0.02951439297878712	-0.03377827482111318	0.06453506353714535	0.03152770616827474	0.011361735744112894	-0.009521436376041532	-0.04818718743305501	-0.04522905887837707	0.0159665781691189
PET0552	-0.09135611371969339	0.007232098511674948	0.03486081210708335	-0.09448623007731435	0.05820338588909499	0.06007148927350147	-0.004952831860640867	0.08811896236124929	-0.17311497310780494	-0.0974836457090187	0.10270956809720697	9.8539282178834e-4	0.0035070333222246607	0.0758648071019127	0.026987008485212505	-0.001064166956433285	-0.02659675639621031	0.011140238960622325	-0.010214795439488823	-0.02544811236428203
PET0553	-0.09491237878491592	0.009189137731584637	0.030406273577837796	-0.10588390550992914	0.0607230397839965	0.06667383161701204	-0.005744561517244206	0.10438721333630475	-0.24426811256904005	-0.14273494516791826	0.09904190352290836	-0.004987654308155747	-0.006588488004489409	0.06953031051882232	0.05119913328234434	0.00407668350237188	-0.0539916038209027	0.01602652776211108	0.0032699382375197205	0.013334996609677881
PET0554	-0.08781745324111143	0.011237277608339247	0.029317120208722597	-0.10073156339167329	0.05910066303325022	0.06945532447493409	6.514900716839507e-4	0.10863246447057276	-0.2193155655728513	-0.12586046648426413	0.12317629249462228	-0.0011285756152424073	0.012567569501175671	0.07053805479149673	0.06142825234622602	-0.004502285432279763	-0.04948948515771966	-0.03221312138998736	-0.0011246920450208155	-0.03678765846650485
PET0555	-0.035372866422459966	0.03595025917016702	0.03647004789254414	-3.267086975132169e-4	-0.014494894133241912	0.027114196626503075	0.07605194848463229	0.059397906951885224	-0.22111977879475414	-0.10338670667606911	-0.2645629903215334	0.016476183294981298	0.2492461239628194	-0.44216401677113837	-0.06787890914461747	0.047327617007918744	0.05995874512127997	-0.0013358163219917975	-0.0018327352000590837	0.006020742836034511
PET0556	-0.08671006118307611	0.01030313735519393	0.03307245615878858	-0.10139283657390304	0.05825553709391269	0.0675851336765247	-0.0057449841826905075	0.09296910094149265	-0.1870745182103902	-0.09291978502065176	0.08976922822020944	-0.01034994445539752	1.5843404876779356e-4	0.06122558526809483	0.0378337170121776	0.006089856756270314	-0.021973359341453644	0.009362735408627957	-0.007251775151379577	0.008757408473566812
PET0557	-0.0856820660534901	0.0075000271288076376	0.028097103259293637	-0.09139729121864944	0.036045483572851575	0.06946803068625713	-0.01156175147560262	0.09022051308666398	-0.21742876817453305	-0.11718414062918718	0.11251716839521407	0.01039626533341542	-0.015756547819238506	0.05889130565670516	0.037277026996533943	0.03492681744490139	-0.03310016101543986	0.02218721851996989	-0.02142039687291744	-0.002083360489243674
PET0558	-0.08786853371708495	0.01130288314271467	0.03188347733159107	-0.0985039287858858	0.05484716533264718	0.06436479723497739	-0.004105429999677244	0.10967416783405377	-0.22993679041223428	-0.12487938866120148	0.12067995478996063	0.006531823862845916	-0.007796119538137741	0.07211820187155125	0.05168448561643198	0.012302115715838018	-0.049863799612295145	0.003919900219891298	-0.011309811577666905	-0.010578548619084624
PET0559	-0.09138474354967502	0.01704356851251239	0.030589770100530336	-0.1372695542572427	0.10351046688067601	0.1898459686128297	-0.07435013778230379	-0.07221788659089615	0.1295764108307319	0.02672334885032488	-0.06248684519098997	0.003027307870867844	0.024091634979432435	-0.015474671296568107	0.001367232636860304	-0.0032701922052953015	-0.015246586019134362	-0.11238606180104813	0.048415864530049466	0.005175154670164489
PET0560	-0.0878578917426237	0.013169820346816179	0.03885149486903912	-0.14230430695167282	0.11192722592894569	0.21238769619218695	-0.07316440495634567	-0.08613666041763232	0.15717024404516203	0.010444851823819698	-0.08415537116801294	0.017718388080124183	0.037357492934832835	-0.01073467271698141	0.02272682782099978	-0.0010123003910637164	-0.010327775158768458	-0.14815404771456808	0.05091351849221446	0.012579325797397786
PET0561	-0.09121899834132209	0.022361956868986177	0.03796847784595073	-0.13490065727512693	0.10889095974277262	0.1996599203902762	-0.06369448619956053	-0.0776042214482865	0.14101047858305782	0.013866039343774976	-0.07112602119203464	0.004829878658045764	0.02449859087930025	-0.005593766549615771	0.0103105034937989	-0.015760464989033936	-0.015199266197771484	-0.1780934542549184	0.04046175908494897	-9.406058947776156e-5
PET0562	-0.08893686208014337	0.016126785617389686	0.025030016021708533	-0.09078526450445953	0.06643626450314825	0.10260024570450167	-0.04714295711036879	-0.0422810993977552	0.05673239715242951	0.03754968676294353	-0.02689480699258096	0.011722112841875288	-0.020029613192670867	1.8528230841039525e-4	-0.04603705431426303	0.046326535871151	0.05429645203013415	0.6468861474482493	-0.17443471390365003	-0.01661545384519653
PET0563	-0.09293559816486362	0.01989785373185416	0.035339196783055665	-0.142049046269137	0.10997050663021439	0.1970376464689416	-0.0789210480726449	-0.08288233361910803	0.16022302340845296	0.010621602187264774	-0.08679578489341534	0.016422694144585567	0.028991989219164353	0.0019842229475748995	0.006569777541992504	0.0190566859535805	0.014078870380546492	0.009169048958207141	0.008634959959552458	0.01928245940108538
PET0564	-0.09446079462232493	0.016451770178272207	0.03129453808656098	-0.12937869527862578	0.10390340278268241	0.17836431710470957	-0.05108631013655671	-0.03909832084155103	0.08808919010318046	-0.0013973242965601208	-0.035194738163359655	0.008068765419552433	0.007807855162385704	-0.009044168135747772	0.005020514473361942	-0.025548921285219066	-0.028724224503504033	-0.20430132813844876	0.06538304877722054	-0.01684535628379891
PET0565	-0.08488978753561896	0.020913453549419075	0.033689255323449255	-0.10960905802140514	0.07545030520007531	0.11857580980522914	-0.05229106942980171	-0.04131532559026716	0.0758960743372492	0.029254094380638355	-0.047300723942597774	0.00441877051313975	-0.022483650608503845	-0.007256823490686273	-0.03125507142511411	0.032991836245510796	0.06204347008457444	0.544286015774513	-0.13314720419264361	-8.889365224255201e-4
PET0566	-0.08983845510088857	0.021118764229385724	0.04509528657908096	-0.14290941833803364	0.11493686817753815	0.1985393621960556	-0.08902853312632551	-0.10112385452469315	0.18100655506478594	0.022790364993490856	-0.10327783270502545	0.023230198166877165	0.03538495428210382	-0.009188029668590714	2.0893833079619652e-4	0.023132307041116885	0.020261560594043517	0.11607962720762949	-0.016805871308041582	0.0048404355063671415
PET0568	-0.09146592107989954	0.014972195193166324	0.03674697577099842	-0.15150851468856372	0.12258769414695078	0.22128575974189724	-0.07585777681260054	-0.07640994604347426	0.1629106321583178	0.019229815972140345	-0.07829086012570793	0.013961942938281192	0.047389825989971025	-0.020051696610015105	0.012806760245424495	-0.01083857838995399	-0.023746925084765422	-0.24112029198037616	0.06505513690970283	-0.006896957882308275
PET0569N	-0.04189405764813788	0.04033459648892619	0.028690252990138956	-0.0010713480277499726	-0.03006179799203015	-0.007409886257793751	0.02910771378953397	0.010473052852352832	-0.0010247936609195476	0.013266637749059248	0.02322695279473107	-0.0401420256004132	0.03668548154134675	0.0804066125602542	-0.21954466088291832	-0.09267882464670874	0.01038079729225294	-0.012218326662481658	-0.0075861781614442675	0.029721873728104514
PET0570	-0.045724482991064526	0.04498272729344818	0.02910048029832295	-6.210472912477991e-4	-0.03236043076758098	-0.009449407450205156	0.0291988968751451	0.011808140937897919	-0.002909808104314295	0.024757936664303155	0.018758055723700432	-0.06514747272525281	0.041882668202944714	0.1050910852667796	-0.28034369094580425	-0.09955308544544818	0.021482318025282176	0.012268354490313792	0.008337667196105547	0.021102298669833312
PET0571	-0.0434148059714686	0.03681151985744348	0.028843469361953093	-0.0013740194483919013	-0.044469609720360105	-0.0042738475402703145	0.05336119069221773	0.032348276287160214	-0.005679524339349647	0.06695474185327703	0.02870960960229491	-0.09613025374908704	0.09594867618682731	0.12843327393375625	-0.44490533701328294	-0.14258397400095707	0.02206072094508077	-0.07511322313673235	-0.13739915024924476	-0.014938146367602536
PET0572	-0.03775730864597438	0.035827153514637354	0.033766876030030445	0.0036340810438450976	-0.040059231906796736	-6.267363980211636e-4	0.061082953194137375	0.029890494796525488	-0.00487122927551331	0.06870476699098188	0.023956735918462216	-0.10361175146915744	0.10428158790015764	0.1205408295784749	-0.44770845962503725	-0.1515189641195879	0.02245459528758124	-0.08320270357498401	-0.12814997013771923	-0.006617509738637265
PET0573	-0.04229157638739921	0.035425901490216745	0.02553620622181359	-2.93735566174577e-4	-0.029086780980870936	-0.012783403947503129	0.028347790568434544	0.006610175767698232	0.0115742133129563	0.012404402903236274	0.010203612809673274	-0.04340991631912146	0.010177360288809504	0.050336905289814285	-0.14500120987188606	-0.08708609785716162	0.001228813663776624	-0.013383557662560877	-0.03981409232818985	0.0024630831753153573
PET0574	-0.0394335897058362	0.03670576870623631	0.02750498690578147	0.0017402993962837175	-0.03686432764039297	-0.008771110184361415	0.030503061440889965	0.01679906443963846	0.003073909025462517	0.016942302490715072	-0.01825179923914978	-0.03142665051691674	0.01661037716376012	0.035084018230739235	-0.1316716391421235	-0.056239946092837605	-0.01844130585295156	0.0011526647120326324	-0.0074803195193872555	0.03203452188504125
PET0575	-0.035739390616319956	0.026747881712128038	0.025195804520955857	0.004281747209516518	-0.03287461343179551	-0.005896809007379765	0.035221529520632504	0.015006286363751163	0.002591723051351156	0.028271947622417505	-0.0017318822004644876	-0.031469683488270506	0.016251137267262586	0.03205152322250649	-0.10981695858344322	-0.0357878575067721	0.006247309038284393	0.0017894747934452317	-0.012489122935158433	-0.013605289425597642
PET0576	-0.038930135492174084	0.030548800562034115	0.02547136609752869	-0.005552089647776199	-0.02744921923894182	-0.010453589958468748	0.032455007974485146	0.016445588562375584	0.005617987097403358	0.014069999876266018	0.012879159637193218	-0.06118304558390338	0.030765200614023748	0.02766837111942991	-0.07757455537174461	-0.024679017656506347	0.013784698557356225	-0.021380704151790213	-0.028233183828184093	-0.005430926674552213
PET0578	-0.03913905552272058	0.04167818866160032	0.030119656089522533	0.004015700519326884	-0.027619613526493288	-0.01439034633200836	0.023180551324978278	0.015078914693178817	0.011331388670018244	0.04215372159838976	0.0252239748921146	-0.0460610996421621	0.02456955564232348	0.07118284136029322	-0.2297962577470621	-0.08223335598553422	0.007403061817641492	0.007050325300699811	8.578024694139457e-4	0.005417520262839643
PET0579	-0.049731344137034714	0.03200669908982202	0.030394387043746765	-0.01743146767829986	-0.006157567255671387	-0.01845453132336235	0.04347282845581487	0.036167040615861235	-0.008239122111142989	0.15298970074985746	0.05459318125466192	0.018029365339161548	-0.29877534613111173	-0.17164426149058307	-0.012625956974642841	-0.01729585446667839	-0.009781649277963173	-0.03138718368318908	-0.01866404847793699	-0.008378631833281244
PET0580	-0.048952937943184636	0.031634201343198366	0.020957250447955444	-0.010146436909169219	0.0055932110632048344	-0.01676341809659677	0.04426781641218188	0.021932121067807425	-0.020548523065833078	0.09766415912343404	0.03743173825355363	0.006413068545129964	-0.28196966213705715	-0.14395914404879107	-0.02030895605980663	-0.02166509927546991	-0.009533463921585569	-0.0131713700431327	-0.00574375745375267	0.007720083707919343
PET0581	-0.049690147408884146	0.029533517950656084	0.026561238540802907	-0.02355018169988281	0.0013635033134802542	-0.012999268657945061	0.041094747168251164	0.03111926105256304	-0.013187252461467515	0.12278807334225204	0.04681209724823274	0.014065613595742871	-0.2436461693958109	-0.13924189844489163	-0.01951057559479603	-0.003209076608492169	-0.016748889669306644	-0.03148078134322812	-0.017042704510436074	0.0018610996119848842
PET0582	-0.050494791255334945	0.030808446770866294	0.028253640311256798	-0.014703465241678745	-0.0021595583155334785	-0.00923620973862715	0.03562185399502208	0.0017913094454488823	-0.019063449198274726	0.11498761614247868	0.03373416577497813	-0.019227581510646925	-0.25434226590556164	-0.1345125000782362	-0.012237908206562184	-0.033478038591833924	-0.014635159992206227	-0.04375272334533638	-0.03235448164260091	0.01937508140814698
PET0583	-0.044822175720014956	0.023336894394992362	0.021838504945189435	-0.002191308692233972	0.004423256290219635	-0.0056882312282905585	0.02792778189786989	0.0036994653115028143	-0.01521457540455513	0.06413265731285216	0.022308995047541236	-0.005839259983154068	-0.12994607553551465	-0.0781908896916383	-0.021562354985793498	-0.02016519640284576	-0.011890341549256757	-0.006421539134931195	-0.01662646978869783	0.027984820320880698
PET0584	-0.05129831162925049	0.0222207456354616	0.02330305273549482	-0.017124257576187917	0.005125098235839525	-0.0071623756448005605	0.024397690436345428	0.02014388474323369	-0.02816614346099176	0.04818110407662641	0.026333033348634856	-0.012895965661359239	-0.1557762785250394	-0.07168521810471991	-0.022547751659954256	-0.01725663761388833	-0.001125516898658071	-0.00709794759254246	0.00601905819344885	-0.004821409708289244
PET0586	-0.04786563514451854	0.03071128333212379	0.029820399239490317	-0.012548962622155676	0.004888679203274354	-0.0135481580293309	0.046335873725568674	0.01842051620833797	-0.023546075360843622	0.09170441255324391	0.023033561654289554	-0.015499376909776682	-0.2455915914391898	-0.13075777644982314	0.011483341518341924	-0.021355709313805777	-0.008514824362398317	-0.03686956418291089	-0.005373517853153013	0.028679990472256944
PET0587	-0.04714825113727665	0.030691233367313994	0.031389592634679817	-0.0135745017263609	8.798714800632699e-4	-0.005416728997488532	0.05218838088690876	0.028599949048366376	-0.009312670752345627	0.13878843506170163	0.03754151584652157	0.01833339689292456	-0.32682205962630584	-0.1955771276982237	-0.03234492327981954	-0.03333235181764629	0.0014538328852800376	-0.03111724870444758	-0.019320251110184334	-0.00760530282133574
PET0588	-0.0497848764254671	0.02921902895180746	0.0231087193731136	-0.014841258537150773	-0.0034887603503059796	-0.021487769962096566	0.03997577853702028	0.01322377400123085	-0.012024525820015881	0.10340088665156587	0.025881959240297688	0.006619267535267751	-0.24016034675108755	-0.15777567606708384	-0.02387676370030793	-0.022316136454672793	-0.012464250627946007	-0.01595494044408614	-0.018036804779383204	0.022087386024652947
PET0589	-0.1293118269158824	-0.12823856488719843	-0.1448514421875889	0.04099172290037296	-0.014323935402240277	0.0012306227484353911	0.015220420563306823	0.01675756893666538	-0.021308164886027124	0.006267046199052727	0.005465675454134837	-0.009712938713618512	-0.03001742449879149	0.00665645900927622	0.010041468234499487	-0.006232529653655169	0.34506477539328834	-0.029311406326913227	0.024721778964936172	0.08786185934567628
PET0590	-0.13508581711210174	-0.13249190901341895	-0.14017029116094334	0.0395844988746945	-0.0018182973416752857	0.002360954102482184	-0.006034335182133602	0.014893075543194375	-0.006170024708670939	-0.0010707050889337977	0.012387685721024833	0.0040616747142542846	-0.03215985008280101	0.043098288026052214	0.0017275503862977653	0.006588094638886628	0.365794845720473	-0.0020598553618872847	0.031637951125189905	-0.008805431961118035
PET0591	-0.1657034359297436	-0.21592329682607997	-0.25859963308694484	0.13801019324329733	-0.07179155771057603	0.07514988361525225	0.006066942556976251	-0.009194383142347183	0.031595891887659544	0.005957843268980035	-0.03206985684346062	-0.001322998965368109	0.03171136186995472	-0.036472223891887645	-0.021159394650773013	0.012529192659372846	-0.3509307590427885	0.023240258026204056	-0.05858047873564021	0.01613229802023942
PET0592	-0.15048658195019948	-0.18731181189038223	-0.22053149443603035	0.1104802059455643	-0.05032969590716954	0.05003724815308521	0.005541141728061894	0.005592504065566833	0.014252065207754891	-6.158002624036273e-4	-0.008938571488508762	3.9961856887795063e-4	0.008237764005046552	-0.019702286515405454	-0.0013041274150925426	0.010305932521425896	-0.18490072188952023	0.003599515328246665	-0.017195815400166032	-0.0018015175444234454
PET0593	-0.15883138878230071	-0.20156726756664756	-0.24046895272523064	0.12404926489828254	-0.06289722028466177	0.056989778699462125	0.011863748214279449	-0.006332632041972018	0.02514064285533199	-0.010143646269330474	-0.01612198886027991	-2.800324695717164e-4	0.0027277846225723817	-0.029830323880197147	-0.00583244253884188	0.01648952944725271	-0.19320723486424868	0.025985096833776037	-0.02420087337613153	0.0032016202632288485
PET0595	-0.1537666607912932	-0.1802314161118833	-0.20988154880504883	0.10354378124039762	-0.043816928305707076	0.040802793719435224	0.005158410434198309	-0.004313760041541163	0.0061245461558171845	0.009725243540987496	-0.009770183111896267	-3.017763665436291e-4	0.016010108294581545	-0.01264357547197577	-0.012909990126672818	-0.006732808471340658	-0.037980516130234766	-0.0283516183696344	0.014372743701312349	-0.02902690775224772
PET0596	-0.1608030998940474	-0.2073808362286944	-0.24433865475706723	0.1293851227222997	-0.0629625430540151	0.05994751922824134	0.009246517788164696	-0.0010102070694031206	0.021335883098307525	0.00832732163645332	-0.021089259528855077	-0.004216279039117519	0.021567118566293987	-0.01556320726856135	-0.016309658714790037	0.007442978615536884	-0.27885286548464855	0.023073653929284548	-0.05209092328826782	0.020814306851743868
PET0597	-0.14346442077088895	-0.14878116534812796	-0.17005502926894125	0.0588318100648319	-0.009756840844341728	0.0066860527742321416	0.002338681409838353	-0.0031859861077662374	-0.01039938747002873	-1.61921191989905e-4	0.019143069690961655	0.0052057430071768525	-0.01686488481659883	0.035845296540736135	0.042016589950258386	-0.02018079348639673	0.4477085428910239	-0.012248871861163647	0.10479089814464063	-0.06275698799874507
PET0598	-0.13634214973048775	-0.13800432011978878	-0.1518474337375266	0.05001929592827024	-0.004330215863129138	-0.006494163144328592	0.0028410376841224464	-0.0018219918277670997	-0.032284167351816245	-0.010995605791616249	0.019985730312179265	0.025210903234655406	-0.007882715422120379	0.07136781223891195	0.057463332504748735	-0.026468516237289425	0.438949542897032	-0.04772521701065116	0.08713747109253366	-0.07298110277509086
PET0599	-0.09052473215661704	-0.0336369731449228	0.0014589322019988027	-0.09061883518961537	0.11054685607097085	-0.2738524269897494	-0.07274450725561989	-0.052410816073168935	0.02730614912584385	-0.043384533255838915	-0.03306958261755926	0.016024298654726325	0.024525323682796668	0.019628816029542816	0.03649209508294131	-0.0337663896091551	-0.05119001064615423	-0.00879824429322072	-0.0037058016361661535	0.25811610357707176
PET0600	-0.08632003075546668	-0.028318343295901396	0.0031662966055043956	-0.10482624110219774	0.12489040168195469	-0.3041001099705605	-0.07744302912843026	-0.06867235755445206	0.06538093453836583	-0.022412801745148644	-0.04210165354311298	-0.013500928373722815	0.01135556478733496	-0.016688074323464867	0.006516453592101617	0.020281098518477904	-0.049598922236483364	-0.015199899718508323	-0.01267803445013222	-0.3684921143136602
PET0602	-0.08657514677088095	-0.0288895805016002	0.00792294202697921	-0.10419600721456419	0.12748888624359042	-0.3144133713410737	-0.07704445692717907	-0.04181603700034511	0.04750560303430357	-0.02450218458184822	-0.010923768554249542	-0.007825891230112597	0.031335549666393854	-0.03767421695230048	-0.019864912195338737	0.04706057367240046	-0.06470157232489596	-0.020735633536491698	-0.06499648225378893	-0.5922525208829565
PET0603	-0.0824154635828131	-0.02537217898396909	-1.6362640095820072e-4	-0.08723329107735821	0.09810125742917125	-0.2626111883092404	-0.058674450858229484	-0.03593946657385542	0.04031582250939563	-0.024194615820934018	-0.037278049500835075	0.0012140300898974975	0.020686265057521122	-0.013042009627213908	0.00566621685599834	0.013502836806455332	-0.02339553919538293	5.392617546219724e-4	-0.008194186304359998	0.17392391911553662
PET0604	-0.08993363178448371	-0.02583780472197669	-0.0019240143973728203	-0.09772367981857076	0.12719324607031057	-0.31343933899965104	-0.08204933451045032	-0.06000055450777746	0.020295965230842372	-0.04820465090652269	-0.03770546193705099	0.001684718274974838	0.023725779271952626	0.01191468423937425	0.004625997550141091	0.0114578737392126	-0.03228168188002694	-0.00516384988040048	0.013875639501286681	0.4403196976560435
PET0605	-0.08874468785936282	-0.029237742883684192	-0.0033210464475079988	-0.08076285419436605	0.08476723733327068	-0.23894564358463052	-0.04964242487572069	-0.027657707511263833	0.027169746906600355	-0.031580729889191334	-0.022680247393740027	-0.009751368959097388	0.037512512940549005	0.008470252559933503	0.013761445085283553	-0.014792254769456333	0.011500263524597171	-0.010274916156988917	0.03600820069159467	0.10045679397562769
PET0606	-0.08107467897096966	-0.024912854676700426	0.0010228268532290925	-0.08314193541707841	0.10014237843645549	-0.251112433108806	-0.0567433875872576	-0.0391379775866448	0.0178450293808575	-0.03429386015073753	-0.03210909950256618	0.001636014530851724	0.017019446874315763	0.013635874119973095	2.7102974559201e-4	0.009880742897607387	-0.014989010160823997	0.0014495044696458377	0.013122620399535188	0.3266389099599645
PET0607	-0.08501276464237464	-0.03414833501394739	9.615850341374941e-4	-0.08656816773813572	0.09403519241095652	-0.2633238788807976	-0.05790883304782995	-0.042602298112124896	0.02543256241862861	-0.025943542265096774	-0.02982260075568488	-0.011603631157783503	0.032931077353042904	0.004556218465473833	-0.0033409979665623103	0.036974425189269494	-0.036811633161529494	-0.023483276269379908	0.0022668098727803097	-0.23643705799744738
